Time	CellId	RNTI	BWPId	SINR(dB)
2.231e-06	2	0	0	19.2583
0.00500223	2	0	0	21.0513
0.0100022	2	0	0	21.0513
0.0150022	2	0	0	21.0513
0.0161272	2	0	0	21.0513
0.016971	2	1	0	21.0513
0.019471	2	1	0	21.0513
0.0200022	2	1	0	21.0513
0.021971	2	1	0	21.0513
0.024471	2	1	0	21.0513
0.0250022	2	1	0	21.0513
0.026971	2	1	0	21.0513
0.029471	2	1	0	21.0513
0.0300022	2	1	0	21.0513
0.031971	2	1	0	21.0513
0.034471	2	1	0	21.0513
0.0350022	2	1	0	21.0513
0.036971	2	1	0	21.0513
0.039471	2	1	0	21.0513
0.0400022	2	1	0	21.0513
0.041971	2	1	0	21.0513
0.044471	2	1	0	21.0513
0.0450022	2	1	0	21.0513
0.046971	2	1	0	21.0513
0.049471	2	1	0	21.0513
0.0500022	2	1	0	21.0513
0.051971	2	1	0	21.0513
0.054471	2	1	0	21.0513
0.0550022	2	1	0	21.0513
0.056971	2	1	0	21.0513
0.059471	2	1	0	21.0513
0.0600022	2	1	0	21.0513
0.061971	2	1	0	21.0513
0.064471	2	1	0	21.0513
0.0650022	2	1	0	21.0513
0.066971	2	1	0	21.0513
0.069471	2	1	0	21.0513
0.0700022	2	1	0	21.0513
0.071971	2	1	0	21.0513
0.074471	2	1	0	21.0513
0.0750022	2	1	0	21.0513
0.076971	2	1	0	21.0513
0.079471	2	1	0	21.0513
0.0800022	2	1	0	21.0513
0.081971	2	1	0	21.0513
0.084471	2	1	0	21.0513
0.0850022	2	1	0	21.0513
0.086971	2	1	0	21.0513
0.089471	2	1	0	21.0513
0.0900022	2	1	0	21.0513
0.091971	2	1	0	21.0513
0.094471	2	1	0	21.0513
0.0950022	2	1	0	21.0513
0.096971	2	1	0	21.0513
0.099471	2	1	0	21.0513
0.100002	2	1	0	21.0513
0.101971	2	1	0	21.0513
0.104471	2	1	0	21.0513
0.105002	2	1	0	21.0513
0.106971	2	1	0	21.0513
0.109471	2	1	0	21.0513
0.110002	2	1	0	21.0513
0.111971	2	1	0	21.0513
0.114471	2	1	0	21.0513
0.115002	2	1	0	21.0513
0.116971	2	1	0	21.0513
0.119471	2	1	0	21.0513
0.120002	2	1	0	21.0513
0.121971	2	1	0	21.0513
0.124471	2	1	0	21.0513
0.125002	2	1	0	21.0513
0.126971	2	1	0	21.0513
0.129471	2	1	0	21.0513
0.130002	2	1	0	21.0513
0.131971	2	1	0	21.0513
0.134471	2	1	0	21.0513
0.135002	2	1	0	21.0513
0.136971	2	1	0	21.0513
0.139471	2	1	0	21.0513
0.140002	2	1	0	21.0513
0.141971	2	1	0	21.0513
0.144471	2	1	0	21.0513
0.145002	2	1	0	21.0513
0.146971	2	1	0	21.0513
0.149471	2	1	0	21.0513
0.150002	2	1	0	21.0513
0.151971	2	1	0	21.0513
0.154471	2	1	0	21.0513
0.155002	2	1	0	21.0513
0.156971	2	1	0	21.0513
0.159471	2	1	0	21.0513
0.160002	2	1	0	21.0513
0.161971	2	1	0	21.0513
0.164471	2	1	0	21.0513
0.165002	2	1	0	21.0513
0.166971	2	1	0	21.0513
0.169471	2	1	0	21.0513
0.170002	2	1	0	21.0513
0.171971	2	1	0	21.0513
0.174471	2	1	0	21.0513
0.175002	2	1	0	21.0513
0.176971	2	1	0	21.0513
0.179471	2	1	0	21.0513
0.180002	2	1	0	21.0513
0.181971	2	1	0	21.0513
0.184471	2	1	0	21.0513
0.185002	2	1	0	21.0513
0.186971	2	1	0	21.0513
0.189471	2	1	0	21.0513
0.190002	2	1	0	21.0513
0.191971	2	1	0	21.0513
0.194471	2	1	0	21.0513
0.195002	2	1	0	21.0513
0.196971	2	1	0	21.0513
0.199471	2	1	0	21.0513
0.200002	2	1	0	21.0513
0.201971	2	1	0	21.0513
0.204471	2	1	0	21.0513
0.205002	2	1	0	21.0513
0.206971	2	1	0	21.0513
0.209471	2	1	0	21.0513
0.210002	2	1	0	21.0513
0.211971	2	1	0	21.0513
0.214471	2	1	0	21.0513
0.215002	2	1	0	21.0513
0.216971	2	1	0	21.0513
0.219471	2	1	0	21.0513
0.220002	2	1	0	21.0513
0.221971	2	1	0	21.0513
0.224471	2	1	0	21.0513
0.225002	2	1	0	21.0513
0.226971	2	1	0	21.0513
0.229471	2	1	0	21.0513
0.230002	2	1	0	21.0513
0.231971	2	1	0	21.0513
0.234471	2	1	0	21.0513
0.235002	2	1	0	21.0513
0.236971	2	1	0	21.0513
0.239471	2	1	0	21.0513
0.240002	2	1	0	21.0513
0.241971	2	1	0	21.0513
0.244471	2	1	0	21.0513
0.245002	2	1	0	21.0513
0.246971	2	1	0	21.0513
0.249471	2	1	0	21.0513
0.250002	2	1	0	21.0513
0.251971	2	1	0	21.0513
0.254471	2	1	0	21.0513
0.255002	2	1	0	21.0513
0.256971	2	1	0	21.0513
0.259471	2	1	0	21.0513
0.260002	2	1	0	21.0513
0.261971	2	1	0	21.0513
0.264471	2	1	0	21.0513
0.265002	2	1	0	21.0513
0.266971	2	1	0	21.0513
0.269471	2	1	0	21.0513
0.270002	2	1	0	21.0513
0.271971	2	1	0	21.0513
0.274471	2	1	0	21.0513
0.275002	2	1	0	21.0513
0.276971	2	1	0	21.0513
0.279471	2	1	0	21.0513
0.280002	2	1	0	21.0513
0.281971	2	1	0	21.0513
0.284471	2	1	0	21.0513
0.285002	2	1	0	21.0513
0.286971	2	1	0	21.0513
0.289471	2	1	0	21.0513
0.290002	2	1	0	21.0513
0.291971	2	1	0	21.0513
0.294471	2	1	0	21.0513
0.295002	2	1	0	21.0513
0.296971	2	1	0	21.0513
0.299471	2	1	0	21.0513
0.300002	2	1	0	21.0513
0.301971	2	1	0	21.0513
0.304471	2	1	0	21.0513
0.305002	2	1	0	21.0513
0.306971	2	1	0	21.0513
0.309471	2	1	0	21.0513
0.310002	2	1	0	21.0513
0.311971	2	1	0	21.0513
0.314471	2	1	0	21.0513
0.315002	2	1	0	21.0513
0.316971	2	1	0	21.0513
0.319471	2	1	0	21.0513
0.320002	2	1	0	21.0513
0.321971	2	1	0	21.0513
0.324471	2	1	0	21.0513
0.325002	2	1	0	21.0513
0.326971	2	1	0	21.0513
0.329471	2	1	0	21.0513
0.330002	2	1	0	21.0513
0.331971	2	1	0	21.0513
0.334471	2	1	0	21.0513
0.335002	2	1	0	21.0513
0.336971	2	1	0	21.0513
0.339471	2	1	0	21.0513
0.340002	2	1	0	21.0513
0.341971	2	1	0	21.0513
0.344471	2	1	0	21.0513
0.345002	2	1	0	21.0513
0.346971	2	1	0	21.0513
0.349471	2	1	0	21.0513
0.350002	2	1	0	21.0513
0.351971	2	1	0	21.0513
0.354471	2	1	0	21.0513
0.355002	2	1	0	21.0513
0.356971	2	1	0	21.0513
0.359471	2	1	0	21.0513
0.360002	2	1	0	21.0513
0.361971	2	1	0	21.0513
0.364471	2	1	0	21.0513
0.365002	2	1	0	21.0513
0.366971	2	1	0	21.0513
0.369471	2	1	0	21.0513
0.370002	2	1	0	21.0513
0.371971	2	1	0	21.0513
0.374471	2	1	0	21.0513
0.375002	2	1	0	21.0513
0.376971	2	1	0	21.0513
0.379471	2	1	0	21.0513
0.380002	2	1	0	21.0513
0.381971	2	1	0	21.0513
0.384471	2	1	0	21.0513
0.385002	2	1	0	21.0513
0.386971	2	1	0	21.0513
0.389471	2	1	0	21.0513
0.390002	2	1	0	21.0513
0.391971	2	1	0	21.0513
0.394471	2	1	0	21.0513
0.395002	2	1	0	21.0513
0.396971	2	1	0	21.0513
0.399471	2	1	0	21.0513
0.400002	2	1	0	21.0513
0.400065	2	1	0	21.0513
0.400096	2	1	0	21.0513
0.400127	2	1	0	21.0513
0.400158	2	1	0	21.0513
0.401971	2	1	0	21.0513
0.404471	2	1	0	21.0513
0.405002	2	1	0	21.0513
0.406971	2	1	0	21.0513
0.409471	2	1	0	21.0513
0.410002	2	1	0	21.0513
0.411971	2	1	0	21.0513
0.414471	2	1	0	21.0513
0.415002	2	1	0	21.0513
0.416971	2	1	0	21.0513
0.419471	2	1	0	21.0513
0.420002	2	1	0	21.0513
0.421971	2	1	0	21.0513
0.424471	2	1	0	21.0513
0.425002	2	1	0	21.0513
0.426971	2	1	0	21.0513
0.429471	2	1	0	21.0513
0.430002	2	1	0	21.0513
0.431971	2	1	0	21.0513
0.434471	2	1	0	21.0513
0.435002	2	1	0	21.0513
0.436971	2	1	0	21.0513
0.439471	2	1	0	21.0513
0.440002	2	1	0	21.0513
0.441971	2	1	0	21.0513
0.444471	2	1	0	21.0513
0.445002	2	1	0	21.0513
0.446971	2	1	0	21.0513
0.449471	2	1	0	21.0513
0.450002	2	1	0	21.0513
0.451971	2	1	0	21.0513
0.454471	2	1	0	21.0513
0.455002	2	1	0	21.0513
0.456971	2	1	0	21.0513
0.459471	2	1	0	21.0513
0.460002	2	1	0	21.0513
0.461971	2	1	0	21.0513
0.464471	2	1	0	21.0513
0.465002	2	1	0	21.0513
0.466971	2	1	0	21.0513
0.469471	2	1	0	21.0513
0.470002	2	1	0	21.0513
0.471971	2	1	0	21.0513
0.474471	2	1	0	21.0513
0.475002	2	1	0	21.0513
0.476971	2	1	0	21.0513
0.479471	2	1	0	21.0513
0.480002	2	1	0	21.0513
0.481971	2	1	0	21.0513
0.484471	2	1	0	21.0513
0.485002	2	1	0	21.0513
0.486971	2	1	0	21.0513
0.489471	2	1	0	21.0513
0.490002	2	1	0	21.0513
0.491971	2	1	0	21.0513
0.494471	2	1	0	21.0513
0.495002	2	1	0	21.0513
0.496971	2	1	0	21.0513
0.499471	2	1	0	21.0513
0.500002	2	1	0	21.0513
0.501971	2	1	0	21.0513
0.504471	2	1	0	21.0513
0.505002	2	1	0	21.0513
0.506971	2	1	0	21.0513
0.509471	2	1	0	21.0513
0.510002	2	1	0	21.0513
0.511971	2	1	0	21.0513
0.514471	2	1	0	21.0513
0.515002	2	1	0	21.0513
0.516971	2	1	0	21.0513
0.519471	2	1	0	21.0513
0.520002	2	1	0	21.0513
0.521971	2	1	0	21.0513
0.524471	2	1	0	21.0513
0.525002	2	1	0	21.0513
0.526971	2	1	0	21.0513
0.529471	2	1	0	21.0513
0.530002	2	1	0	21.0513
0.531971	2	1	0	21.0513
0.534471	2	1	0	21.0513
0.535002	2	1	0	21.0513
0.536971	2	1	0	21.0513
0.539471	2	1	0	21.0513
0.540002	2	1	0	21.0513
0.541971	2	1	0	21.0513
0.544471	2	1	0	21.0513
0.545002	2	1	0	21.0513
0.546971	2	1	0	21.0513
0.549471	2	1	0	21.0513
0.550002	2	1	0	21.0513
0.551971	2	1	0	21.0513
0.554471	2	1	0	21.0513
0.555002	2	1	0	21.0513
0.556971	2	1	0	21.0513
0.559471	2	1	0	21.0513
0.560002	2	1	0	21.0513
0.561971	2	1	0	21.0513
0.564471	2	1	0	21.0513
0.565002	2	1	0	21.0513
0.566971	2	1	0	21.0513
0.569471	2	1	0	21.0513
0.570002	2	1	0	21.0513
0.571971	2	1	0	21.0513
0.574471	2	1	0	21.0513
0.575002	2	1	0	21.0513
0.576971	2	1	0	21.0513
0.579471	2	1	0	21.0513
0.580002	2	1	0	21.0513
0.581971	2	1	0	21.0513
0.584471	2	1	0	21.0513
0.585002	2	1	0	21.0513
0.586971	2	1	0	21.0513
0.589471	2	1	0	21.0513
0.590002	2	1	0	21.0513
0.591971	2	1	0	21.0513
0.594471	2	1	0	21.0513
0.595002	2	1	0	21.0513
0.596971	2	1	0	21.0513
0.599471	2	1	0	21.0513
0.600002	2	1	0	21.0513
0.601971	2	1	0	21.0513
0.604471	2	1	0	21.0513
0.605002	2	1	0	21.0513
0.606971	2	1	0	21.0513
0.609471	2	1	0	21.0513
0.610002	2	1	0	21.0513
0.611971	2	1	0	21.0513
0.614471	2	1	0	21.0513
0.615002	2	1	0	21.0513
0.616971	2	1	0	21.0513
0.619471	2	1	0	21.0513
0.620002	2	1	0	21.0513
0.621971	2	1	0	21.0513
0.624471	2	1	0	21.0513
0.625002	2	1	0	21.0513
0.626971	2	1	0	21.0513
0.629471	2	1	0	21.0513
0.630002	2	1	0	21.0513
0.631971	2	1	0	21.0513
0.634471	2	1	0	21.0513
0.635002	2	1	0	21.0513
0.636971	2	1	0	21.0513
0.639471	2	1	0	21.0513
0.640002	2	1	0	21.0513
0.641971	2	1	0	21.0513
0.644471	2	1	0	21.0513
0.645002	2	1	0	21.0513
0.646971	2	1	0	21.0513
0.649471	2	1	0	21.0513
0.650002	2	1	0	21.0513
0.651971	2	1	0	21.0513
0.654471	2	1	0	21.0513
0.655002	2	1	0	21.0513
0.656971	2	1	0	21.0513
0.659471	2	1	0	21.0513
0.660002	2	1	0	21.0513
0.661971	2	1	0	21.0513
0.664471	2	1	0	21.0513
0.665002	2	1	0	21.0513
0.666971	2	1	0	21.0513
0.669471	2	1	0	21.0513
0.670002	2	1	0	21.0513
0.671971	2	1	0	21.0513
0.674471	2	1	0	21.0513
0.675002	2	1	0	21.0513
0.676971	2	1	0	21.0513
0.679471	2	1	0	21.0513
0.680002	2	1	0	21.0513
0.681971	2	1	0	21.0513
0.684471	2	1	0	21.0513
0.685002	2	1	0	21.0513
0.686971	2	1	0	21.0513
0.689471	2	1	0	21.0513
0.690002	2	1	0	21.0513
0.691971	2	1	0	21.0513
0.694471	2	1	0	21.0513
0.695002	2	1	0	21.0513
0.696971	2	1	0	21.0513
0.699471	2	1	0	21.0513
0.700002	2	1	0	21.0513
0.701971	2	1	0	21.0513
0.704471	2	1	0	21.0513
0.705002	2	1	0	21.0513
0.706971	2	1	0	21.0513
0.709471	2	1	0	21.0513
0.710002	2	1	0	21.0513
0.711971	2	1	0	21.0513
0.714471	2	1	0	21.0513
0.715002	2	1	0	21.0513
0.716971	2	1	0	21.0513
0.719471	2	1	0	21.0513
0.720002	2	1	0	21.0513
0.721971	2	1	0	21.0513
0.724471	2	1	0	21.0513
0.725002	2	1	0	21.0513
0.726971	2	1	0	21.0513
0.729471	2	1	0	21.0513
0.730002	2	1	0	21.0513
0.731971	2	1	0	21.0513
0.734471	2	1	0	21.0513
0.735002	2	1	0	21.0513
0.736971	2	1	0	21.0513
0.739471	2	1	0	21.0513
0.740002	2	1	0	21.0513
0.741971	2	1	0	21.0513
0.744471	2	1	0	21.0513
0.745002	2	1	0	21.0513
0.746971	2	1	0	21.0513
0.749471	2	1	0	21.0513
0.750002	2	1	0	21.0513
0.751971	2	1	0	21.0513
0.754471	2	1	0	21.0513
0.755002	2	1	0	21.0513
0.756971	2	1	0	21.0513
0.759471	2	1	0	21.0513
0.760002	2	1	0	21.0513
0.761971	2	1	0	21.0513
0.764471	2	1	0	21.0513
0.765002	2	1	0	21.0513
0.766971	2	1	0	21.0513
0.769471	2	1	0	21.0513
0.770002	2	1	0	21.0513
0.771971	2	1	0	21.0513
0.774471	2	1	0	21.0513
0.775002	2	1	0	21.0513
0.776971	2	1	0	21.0513
0.779471	2	1	0	21.0513
0.780002	2	1	0	21.0513
0.781971	2	1	0	21.0513
0.784471	2	1	0	21.0513
0.785002	2	1	0	21.0513
0.786971	2	1	0	21.0513
0.789471	2	1	0	21.0513
0.790002	2	1	0	21.0513
0.791971	2	1	0	21.0513
0.794471	2	1	0	21.0513
0.795002	2	1	0	21.0513
0.796971	2	1	0	21.0513
0.799471	2	1	0	21.0513
