Time(sec)	CellId	BwpId	IMSI	pathLoss(dB)
0	1	0	1	-84.8222
0.005	1	0	1	-84.8222
0.01	1	0	1	-84.8222
0.015	1	0	1	-84.8222
0.016125	1	0	1	-84.8222
0.0169688	1	0	1	-84.8222
0.0194687	1	0	1	-84.8222
0.02	1	0	1	-84.8222
0.0219687	1	0	1	-84.8222
0.0244688	1	0	1	-84.8222
0.025	1	0	1	-84.8222
0.0269687	1	0	1	-84.8222
0.0294687	1	0	1	-84.8222
0.03	1	0	1	-84.8222
0.0319687	1	0	1	-84.8222
0.0344687	1	0	1	-84.8222
0.035	1	0	1	-84.8222
0.0369688	1	0	1	-84.8222
0.0394687	1	0	1	-84.8222
0.04	1	0	1	-84.8222
0.0419687	1	0	1	-84.8222
0.0444688	1	0	1	-84.8222
0.045	1	0	1	-84.8222
0.0469687	1	0	1	-84.8222
0.0494687	1	0	1	-84.8222
0.05	1	0	1	-84.8222
0.0519688	1	0	1	-84.8222
0.0544688	1	0	1	-84.8222
0.055	1	0	1	-84.8222
0.0569687	1	0	1	-84.8222
0.0594688	1	0	1	-84.8222
0.06	1	0	1	-84.8222
0.0619688	1	0	1	-84.8222
0.0644688	1	0	1	-84.8222
0.065	1	0	1	-84.8222
0.0669687	1	0	1	-84.8222
0.0694687	1	0	1	-84.8222
0.07	1	0	1	-84.8222
0.0719687	1	0	1	-84.8222
0.0744688	1	0	1	-84.8222
0.075	1	0	1	-84.8222
0.0769688	1	0	1	-84.8222
0.0794688	1	0	1	-84.8222
0.08	1	0	1	-84.8222
0.0819688	1	0	1	-84.8222
0.0844687	1	0	1	-84.8222
0.085	1	0	1	-84.8222
0.0869687	1	0	1	-84.8222
0.0894687	1	0	1	-84.8222
0.09	1	0	1	-84.8222
0.0919688	1	0	1	-84.8222
0.0944688	1	0	1	-84.8222
0.095	1	0	1	-84.8222
0.0969688	1	0	1	-84.8222
0.0994687	1	0	1	-84.8222
0.1	1	0	1	-84.8222
0.101969	1	0	1	-84.8222
0.104469	1	0	1	-84.8222
0.105	1	0	1	-84.8222
0.106969	1	0	1	-84.8222
0.109469	1	0	1	-84.8222
0.11	1	0	1	-84.8222
0.111969	1	0	1	-84.8222
0.114469	1	0	1	-84.8222
0.115	1	0	1	-84.8222
0.116969	1	0	1	-84.8222
0.119469	1	0	1	-84.8222
0.12	1	0	1	-84.8222
0.121969	1	0	1	-84.8222
0.124469	1	0	1	-84.8222
0.125	1	0	1	-84.8222
0.126969	1	0	1	-84.8222
0.129469	1	0	1	-84.8222
0.13	1	0	1	-84.8222
0.131969	1	0	1	-84.8222
0.134469	1	0	1	-84.8222
0.135	1	0	1	-84.8222
0.136969	1	0	1	-84.8222
0.139469	1	0	1	-84.8222
0.14	1	0	1	-84.8222
0.141969	1	0	1	-84.8222
0.144469	1	0	1	-84.8222
0.145	1	0	1	-84.8222
0.146969	1	0	1	-84.8222
0.149469	1	0	1	-84.8222
0.15	1	0	1	-84.8222
0.151969	1	0	1	-84.8222
0.154469	1	0	1	-84.8222
0.155	1	0	1	-84.8222
0.156969	1	0	1	-84.8222
0.159469	1	0	1	-84.8222
0.16	1	0	1	-84.8222
0.161969	1	0	1	-84.8222
0.164469	1	0	1	-84.8222
0.165	1	0	1	-84.8222
0.166969	1	0	1	-84.8222
0.169469	1	0	1	-84.8222
0.17	1	0	1	-84.8222
0.171969	1	0	1	-84.8222
0.174469	1	0	1	-84.8222
0.175	1	0	1	-84.8222
0.176969	1	0	1	-84.8222
0.179469	1	0	1	-84.8222
0.18	1	0	1	-84.8222
0.181969	1	0	1	-84.8222
0.184469	1	0	1	-84.8222
0.185	1	0	1	-84.8222
0.186969	1	0	1	-84.8222
0.189469	1	0	1	-84.8222
0.19	1	0	1	-84.8222
0.191969	1	0	1	-84.8222
0.194469	1	0	1	-84.8222
0.195	1	0	1	-84.8222
0.196969	1	0	1	-84.8222
0.199469	1	0	1	-84.8222
0.2	1	0	1	-84.8222
0.201969	1	0	1	-84.8222
0.204469	1	0	1	-84.8222
0.205	1	0	1	-84.8222
0.206969	1	0	1	-84.8222
0.209469	1	0	1	-84.8222
0.21	1	0	1	-84.8222
0.211969	1	0	1	-84.8222
0.214469	1	0	1	-84.8222
0.215	1	0	1	-84.8222
0.216969	1	0	1	-84.8222
0.219469	1	0	1	-84.8222
0.22	1	0	1	-84.8222
0.221969	1	0	1	-84.8222
0.224469	1	0	1	-84.8222
0.225	1	0	1	-84.8222
0.226969	1	0	1	-84.8222
0.229469	1	0	1	-84.8222
0.23	1	0	1	-84.8222
0.231969	1	0	1	-84.8222
0.234469	1	0	1	-84.8222
0.235	1	0	1	-84.8222
0.236969	1	0	1	-84.8222
0.239469	1	0	1	-84.8222
0.24	1	0	1	-84.8222
0.241969	1	0	1	-84.8222
0.244469	1	0	1	-84.8222
0.245	1	0	1	-84.8222
0.246969	1	0	1	-84.8222
0.249469	1	0	1	-84.8222
0.25	1	0	1	-84.8222
0.251969	1	0	1	-84.8222
0.254469	1	0	1	-84.8222
0.255	1	0	1	-84.8222
0.256969	1	0	1	-84.8222
0.259469	1	0	1	-84.8222
0.26	1	0	1	-84.8222
0.261969	1	0	1	-84.8222
0.264469	1	0	1	-84.8222
0.265	1	0	1	-84.8222
0.266969	1	0	1	-84.8222
0.269469	1	0	1	-84.8222
0.27	1	0	1	-84.8222
0.271969	1	0	1	-84.8222
0.274469	1	0	1	-84.8222
0.275	1	0	1	-84.8222
0.276969	1	0	1	-84.8222
0.279469	1	0	1	-84.8222
0.28	1	0	1	-84.8222
0.281969	1	0	1	-84.8222
0.284469	1	0	1	-84.8222
0.285	1	0	1	-84.8222
0.286969	1	0	1	-84.8222
0.289469	1	0	1	-84.8222
0.29	1	0	1	-84.8222
0.291969	1	0	1	-84.8222
0.294469	1	0	1	-84.8222
0.295	1	0	1	-84.8222
0.296969	1	0	1	-84.8222
0.299469	1	0	1	-84.8222
0.3	1	0	1	-84.8222
0.301969	1	0	1	-84.8222
0.304469	1	0	1	-84.8222
0.305	1	0	1	-84.8222
0.306969	1	0	1	-84.8222
0.309469	1	0	1	-84.8222
0.31	1	0	1	-84.8222
0.311969	1	0	1	-84.8222
0.314469	1	0	1	-84.8222
0.315	1	0	1	-84.8222
0.316969	1	0	1	-84.8222
0.319469	1	0	1	-84.8222
0.32	1	0	1	-84.8222
0.321969	1	0	1	-84.8222
0.324469	1	0	1	-84.8222
0.325	1	0	1	-84.8222
0.326969	1	0	1	-84.8222
0.329469	1	0	1	-84.8222
0.33	1	0	1	-84.8222
0.331969	1	0	1	-84.8222
0.334469	1	0	1	-84.8222
0.335	1	0	1	-84.8222
0.336969	1	0	1	-84.8222
0.339469	1	0	1	-84.8222
0.34	1	0	1	-84.8222
0.341969	1	0	1	-84.8222
0.344469	1	0	1	-84.8222
0.345	1	0	1	-84.8222
0.346969	1	0	1	-84.8222
0.349469	1	0	1	-84.8222
0.35	1	0	1	-84.8222
0.351969	1	0	1	-84.8222
0.354469	1	0	1	-84.8222
0.355	1	0	1	-84.8222
0.356969	1	0	1	-84.8222
0.359469	1	0	1	-84.8222
0.36	1	0	1	-84.8222
0.361969	1	0	1	-84.8222
0.364469	1	0	1	-84.8222
0.365	1	0	1	-84.8222
0.366969	1	0	1	-84.8222
0.369469	1	0	1	-84.8222
0.37	1	0	1	-84.8222
0.371969	1	0	1	-84.8222
0.374469	1	0	1	-84.8222
0.375	1	0	1	-84.8222
0.376969	1	0	1	-84.8222
0.379469	1	0	1	-84.8222
0.38	1	0	1	-84.8222
0.381969	1	0	1	-84.8222
0.384469	1	0	1	-84.8222
0.385	1	0	1	-84.8222
0.386969	1	0	1	-84.8222
0.389469	1	0	1	-84.8222
0.39	1	0	1	-84.8222
0.391969	1	0	1	-84.8222
0.394469	1	0	1	-84.8222
0.395	1	0	1	-84.8222
0.396969	1	0	1	-84.8222
0.399469	1	0	1	-84.8222
0.4	1	0	1	-84.8222
0.400062	1	0	1	-84.8222
0.400065	1	0	1	-84.8222
0.400094	1	0	1	-84.8222
0.400096	1	0	1	-84.8222
0.400125	1	0	1	-84.8222
0.400127	1	0	1	-84.8222
0.400156	1	0	1	-84.8222
0.400158	1	0	1	-84.8222
0.401969	1	0	1	-84.8222
0.404469	1	0	1	-84.8222
0.405	1	0	1	-84.8222
0.406969	1	0	1	-84.8222
0.409469	1	0	1	-84.8222
0.41	1	0	1	-84.8222
0.411969	1	0	1	-84.8222
0.414469	1	0	1	-84.8222
0.415	1	0	1	-84.8222
0.416969	1	0	1	-84.8222
0.419469	1	0	1	-84.8222
0.42	1	0	1	-84.8222
0.421969	1	0	1	-84.8222
0.424469	1	0	1	-84.8222
0.425	1	0	1	-84.8222
0.426969	1	0	1	-84.8222
0.429469	1	0	1	-84.8222
0.43	1	0	1	-84.8222
0.431969	1	0	1	-84.8222
0.434469	1	0	1	-84.8222
0.435	1	0	1	-84.8222
0.436969	1	0	1	-84.8222
0.439469	1	0	1	-84.8222
0.44	1	0	1	-84.8222
0.441969	1	0	1	-84.8222
0.444469	1	0	1	-84.8222
0.445	1	0	1	-84.8222
0.446969	1	0	1	-84.8222
0.449469	1	0	1	-84.8222
0.45	1	0	1	-84.8222
0.451969	1	0	1	-84.8222
0.454469	1	0	1	-84.8222
0.455	1	0	1	-84.8222
0.456969	1	0	1	-84.8222
0.459469	1	0	1	-84.8222
0.46	1	0	1	-84.8222
0.461969	1	0	1	-84.8222
0.464469	1	0	1	-84.8222
0.465	1	0	1	-84.8222
0.466969	1	0	1	-84.8222
0.469469	1	0	1	-84.8222
0.47	1	0	1	-84.8222
0.471969	1	0	1	-84.8222
0.474469	1	0	1	-84.8222
0.475	1	0	1	-84.8222
0.476969	1	0	1	-84.8222
0.479469	1	0	1	-84.8222
0.48	1	0	1	-84.8222
0.481969	1	0	1	-84.8222
0.484469	1	0	1	-84.8222
0.485	1	0	1	-84.8222
0.486969	1	0	1	-84.8222
0.489469	1	0	1	-84.8222
0.49	1	0	1	-84.8222
0.491969	1	0	1	-84.8222
0.494469	1	0	1	-84.8222
0.495	1	0	1	-84.8222
0.496969	1	0	1	-84.8222
0.499469	1	0	1	-84.8222
0.5	1	0	1	-84.8222
0.501969	1	0	1	-84.8222
0.504469	1	0	1	-84.8222
0.505	1	0	1	-84.8222
0.506969	1	0	1	-84.8222
0.509469	1	0	1	-84.8222
0.51	1	0	1	-84.8222
0.511969	1	0	1	-84.8222
0.514469	1	0	1	-84.8222
0.515	1	0	1	-84.8222
0.516969	1	0	1	-84.8222
0.519469	1	0	1	-84.8222
0.52	1	0	1	-84.8222
0.521969	1	0	1	-84.8222
0.524469	1	0	1	-84.8222
0.525	1	0	1	-84.8222
0.526969	1	0	1	-84.8222
0.529469	1	0	1	-84.8222
0.53	1	0	1	-84.8222
0.531969	1	0	1	-84.8222
0.534469	1	0	1	-84.8222
0.535	1	0	1	-84.8222
0.536969	1	0	1	-84.8222
0.539469	1	0	1	-84.8222
0.54	1	0	1	-84.8222
0.541969	1	0	1	-84.8222
0.544469	1	0	1	-84.8222
0.545	1	0	1	-84.8222
0.546969	1	0	1	-84.8222
0.549469	1	0	1	-84.8222
0.55	1	0	1	-84.8222
0.551969	1	0	1	-84.8222
0.554469	1	0	1	-84.8222
0.555	1	0	1	-84.8222
0.556969	1	0	1	-84.8222
0.559469	1	0	1	-84.8222
0.56	1	0	1	-84.8222
0.561969	1	0	1	-84.8222
0.564469	1	0	1	-84.8222
0.565	1	0	1	-84.8222
0.566969	1	0	1	-84.8222
0.569469	1	0	1	-84.8222
0.57	1	0	1	-84.8222
0.571969	1	0	1	-84.8222
0.574469	1	0	1	-84.8222
0.575	1	0	1	-84.8222
0.576969	1	0	1	-84.8222
0.579469	1	0	1	-84.8222
0.58	1	0	1	-84.8222
0.581969	1	0	1	-84.8222
0.584469	1	0	1	-84.8222
0.585	1	0	1	-84.8222
0.586969	1	0	1	-84.8222
0.589469	1	0	1	-84.8222
0.59	1	0	1	-84.8222
0.591969	1	0	1	-84.8222
0.594469	1	0	1	-84.8222
0.595	1	0	1	-84.8222
0.596969	1	0	1	-84.8222
0.599469	1	0	1	-84.8222
0.6	1	0	1	-84.8222
0.601969	1	0	1	-84.8222
0.604469	1	0	1	-84.8222
0.605	1	0	1	-84.8222
0.606969	1	0	1	-84.8222
0.609469	1	0	1	-84.8222
0.61	1	0	1	-84.8222
0.611969	1	0	1	-84.8222
0.614469	1	0	1	-84.8222
0.615	1	0	1	-84.8222
0.616969	1	0	1	-84.8222
0.619469	1	0	1	-84.8222
0.62	1	0	1	-84.8222
0.621969	1	0	1	-84.8222
0.624469	1	0	1	-84.8222
0.625	1	0	1	-84.8222
0.626969	1	0	1	-84.8222
0.629469	1	0	1	-84.8222
0.63	1	0	1	-84.8222
0.631969	1	0	1	-84.8222
0.634469	1	0	1	-84.8222
0.635	1	0	1	-84.8222
0.636969	1	0	1	-84.8222
0.639469	1	0	1	-84.8222
0.64	1	0	1	-84.8222
0.641969	1	0	1	-84.8222
0.644469	1	0	1	-84.8222
0.645	1	0	1	-84.8222
0.646969	1	0	1	-84.8222
0.649469	1	0	1	-84.8222
0.65	1	0	1	-84.8222
0.651969	1	0	1	-84.8222
0.654469	1	0	1	-84.8222
0.655	1	0	1	-84.8222
0.656969	1	0	1	-84.8222
0.659469	1	0	1	-84.8222
0.66	1	0	1	-84.8222
0.661969	1	0	1	-84.8222
0.664469	1	0	1	-84.8222
0.665	1	0	1	-84.8222
0.666969	1	0	1	-84.8222
0.669469	1	0	1	-84.8222
0.67	1	0	1	-84.8222
0.671969	1	0	1	-84.8222
0.674469	1	0	1	-84.8222
0.675	1	0	1	-84.8222
0.676969	1	0	1	-84.8222
0.679469	1	0	1	-84.8222
0.68	1	0	1	-84.8222
0.681969	1	0	1	-84.8222
0.684469	1	0	1	-84.8222
0.685	1	0	1	-84.8222
0.686969	1	0	1	-84.8222
0.689469	1	0	1	-84.8222
0.69	1	0	1	-84.8222
0.691969	1	0	1	-84.8222
0.694469	1	0	1	-84.8222
0.695	1	0	1	-84.8222
0.696969	1	0	1	-84.8222
0.699469	1	0	1	-84.8222
0.7	1	0	1	-84.8222
0.701969	1	0	1	-84.8222
0.704469	1	0	1	-84.8222
0.705	1	0	1	-84.8222
0.706969	1	0	1	-84.8222
0.709469	1	0	1	-84.8222
0.71	1	0	1	-84.8222
0.711969	1	0	1	-84.8222
0.714469	1	0	1	-84.8222
0.715	1	0	1	-84.8222
0.716969	1	0	1	-84.8222
0.719469	1	0	1	-84.8222
0.72	1	0	1	-84.8222
0.721969	1	0	1	-84.8222
0.724469	1	0	1	-84.8222
0.725	1	0	1	-84.8222
0.726969	1	0	1	-84.8222
0.729469	1	0	1	-84.8222
0.73	1	0	1	-84.8222
0.731969	1	0	1	-84.8222
0.734469	1	0	1	-84.8222
0.735	1	0	1	-84.8222
0.736969	1	0	1	-84.8222
0.739469	1	0	1	-84.8222
0.74	1	0	1	-84.8222
0.741969	1	0	1	-84.8222
0.744469	1	0	1	-84.8222
0.745	1	0	1	-84.8222
0.746969	1	0	1	-84.8222
0.749469	1	0	1	-84.8222
0.75	1	0	1	-84.8222
0.751969	1	0	1	-84.8222
0.754469	1	0	1	-84.8222
0.755	1	0	1	-84.8222
0.756969	1	0	1	-84.8222
0.759469	1	0	1	-84.8222
0.76	1	0	1	-84.8222
0.761969	1	0	1	-84.8222
0.764469	1	0	1	-84.8222
0.765	1	0	1	-84.8222
0.766969	1	0	1	-84.8222
0.769469	1	0	1	-84.8222
0.77	1	0	1	-84.8222
0.771969	1	0	1	-84.8222
0.774469	1	0	1	-84.8222
0.775	1	0	1	-84.8222
0.776969	1	0	1	-84.8222
0.779469	1	0	1	-84.8222
0.78	1	0	1	-84.8222
0.781969	1	0	1	-84.8222
0.784469	1	0	1	-84.8222
0.785	1	0	1	-84.8222
0.786969	1	0	1	-84.8222
0.789469	1	0	1	-84.8222
0.79	1	0	1	-84.8222
0.791969	1	0	1	-84.8222
0.794469	1	0	1	-84.8222
0.795	1	0	1	-84.8222
0.796969	1	0	1	-84.8222
0.799469	1	0	1	-84.8222
