time(s)	cellId	rnti	lcid	packetSize
0.105036	2	1	3	41
0.110036	2	1	3	5263
0.110536	2	1	3	732
0.205036	2	1	3	395
0.210036	2	1	3	5263
0.210536	2	1	3	378
0.305036	2	1	3	395
0.310036	2	1	3	5263
0.310536	2	1	3	378
0.405036	2	1	3	395
0.410036	2	1	3	5263
0.410536	2	1	3	378
0.505036	2	1	3	395
0.510036	2	1	3	5263
0.510536	2	1	3	378
0.605036	2	1	3	395
0.610036	2	1	3	5263
0.610536	2	1	3	378
0.705036	2	1	3	395
0.710036	2	1	3	5263
0.710536	2	1	3	378
0.805036	2	1	3	395
0.810036	2	1	3	5263
0.810536	2	1	3	378
0.905036	2	1	3	395
0.910036	2	1	3	5263
0.910536	2	1	3	378
1.00504	2	1	3	395
1.01004	2	1	3	5263
1.01054	2	1	3	378
1.10504	2	1	3	395
1.11004	2	1	3	5263
1.11054	2	1	3	378
1.20504	2	1	3	395
1.21004	2	1	3	5263
1.21054	2	1	3	378
1.30504	2	1	3	395
1.31004	2	1	3	5263
1.31054	2	1	3	378
1.40504	2	1	3	395
1.41004	2	1	3	5263
1.41054	2	1	3	378
1.50504	2	1	3	395
1.51004	2	1	3	5263
1.51054	2	1	3	378
1.60504	2	1	3	395
1.61004	2	1	3	5263
1.61054	2	1	3	378
1.70504	2	1	3	395
1.71004	2	1	3	5263
1.71054	2	1	3	378
1.80504	2	1	3	395
1.81004	2	1	3	5263
1.81054	2	1	3	378
1.90504	2	1	3	395
1.91004	2	1	3	5263
1.91054	2	1	3	378
2.00504	2	1	3	395
2.01004	2	1	3	5263
2.01054	2	1	3	378
2.10504	2	1	3	395
2.11004	2	1	3	5263
2.11054	2	1	3	378
2.20504	2	1	3	395
2.21004	2	1	3	5263
2.21054	2	1	3	378
2.30504	2	1	3	395
2.31004	2	1	3	5263
2.31054	2	1	3	378
2.40504	2	1	3	395
2.41004	2	1	3	5263
2.41054	2	1	3	378
2.50504	2	1	3	395
2.51004	2	1	3	5263
2.51054	2	1	3	378
2.60504	2	1	3	395
2.61004	2	1	3	5263
2.61054	2	1	3	378
2.70504	2	1	3	395
2.71004	2	1	3	5263
2.71054	2	1	3	378
2.80504	2	1	3	395
2.81004	2	1	3	5263
2.81054	2	1	3	378
2.90504	2	1	3	395
2.91004	2	1	3	5263
2.91054	2	1	3	378
3.00504	2	1	3	395
3.01004	2	1	3	5263
3.01054	2	1	3	378
3.10504	2	1	3	395
3.11004	2	1	3	5263
3.11054	2	1	3	378
3.20504	2	1	3	395
3.21004	2	1	3	5263
3.21054	2	1	3	378
3.30504	2	1	3	395
3.31004	2	1	3	5263
3.31054	2	1	3	378
3.40504	2	1	3	395
3.41004	2	1	3	5263
3.41054	2	1	3	378
3.50504	2	1	3	395
3.51004	2	1	3	5263
3.51054	2	1	3	378
3.60504	2	1	3	395
3.61004	2	1	3	5263
3.61054	2	1	3	378
3.70504	2	1	3	395
3.71004	2	1	3	5263
3.71054	2	1	3	378
3.80504	2	1	3	395
3.81004	2	1	3	5263
3.81054	2	1	3	378
3.90504	2	1	3	395
3.91004	2	1	3	5263
3.91054	2	1	3	378
4.00504	2	1	3	395
4.01004	2	1	3	5263
4.01054	2	1	3	378
4.10504	2	1	3	395
4.11004	2	1	3	5263
4.11054	2	1	3	378
4.20504	2	1	3	395
4.21004	2	1	3	5263
4.21054	2	1	3	378
4.30504	2	1	3	395
4.31004	2	1	3	5263
4.31054	2	1	3	378
4.40504	2	1	3	395
4.41004	2	1	3	5263
4.41054	2	1	3	378
4.50504	2	1	3	395
4.51004	2	1	3	5263
4.51054	2	1	3	378
4.60504	2	1	3	395
4.61004	2	1	3	5263
4.61054	2	1	3	378
4.70504	2	1	3	395
4.71004	2	1	3	5263
4.71054	2	1	3	378
4.80504	2	1	3	395
4.81004	2	1	3	5263
4.81054	2	1	3	378
4.90504	2	1	3	395
4.91004	2	1	3	5263
4.91054	2	1	3	378
5.00504	2	1	3	395
5.01004	2	1	3	5263
5.01054	2	1	3	378
5.10504	2	1	3	395
5.11004	2	1	3	5263
5.11054	2	1	3	378
5.20504	2	1	3	395
5.21004	2	1	3	5263
5.21054	2	1	3	378
5.30504	2	1	3	395
5.31004	2	1	3	5263
5.31054	2	1	3	378
5.40504	2	1	3	395
5.41004	2	1	3	5263
5.41054	2	1	3	378
5.50504	2	1	3	395
5.51004	2	1	3	5263
5.51054	2	1	3	378
5.60504	2	1	3	395
5.61004	2	1	3	5263
5.61054	2	1	3	378
5.70504	2	1	3	395
5.71004	2	1	3	5263
5.71054	2	1	3	378
5.80504	2	1	3	395
5.81004	2	1	3	5263
5.81054	2	1	3	378
5.90504	2	1	3	395
5.91004	2	1	3	5263
5.91054	2	1	3	378
6.00504	2	1	3	395
6.01004	2	1	3	5263
6.01054	2	1	3	378
6.10504	2	1	3	395
6.11004	2	1	3	5263
6.11054	2	1	3	378
6.20504	2	1	3	395
6.21004	2	1	3	5263
6.21054	2	1	3	378
6.30504	2	1	3	395
6.31004	2	1	3	5263
6.31054	2	1	3	378
6.40504	2	1	3	395
6.41004	2	1	3	5263
6.41054	2	1	3	378
6.50504	2	1	3	395
6.51004	2	1	3	5263
6.51054	2	1	3	378
6.60504	2	1	3	395
6.61004	2	1	3	5263
6.61054	2	1	3	378
6.70504	2	1	3	395
6.71004	2	1	3	5263
6.71054	2	1	3	378
6.80504	2	1	3	395
6.81004	2	1	3	5263
6.81054	2	1	3	378
6.90504	2	1	3	395
6.91004	2	1	3	5263
6.91054	2	1	3	378
7.00504	2	1	3	395
7.01004	2	1	3	5263
7.01054	2	1	3	378
7.10504	2	1	3	395
7.11004	2	1	3	5263
7.11054	2	1	3	378
7.20504	2	1	3	395
7.21004	2	1	3	5263
7.21054	2	1	3	378
7.30504	2	1	3	395
7.31004	2	1	3	5263
7.31054	2	1	3	378
7.40504	2	1	3	395
7.41004	2	1	3	5263
7.41054	2	1	3	378
7.50504	2	1	3	395
7.51004	2	1	3	5263
7.51054	2	1	3	378
7.60504	2	1	3	395
7.61004	2	1	3	5263
7.61054	2	1	3	378
7.70504	2	1	3	395
7.71004	2	1	3	5263
7.71054	2	1	3	378
7.80504	2	1	3	395
7.81004	2	1	3	5263
7.81054	2	1	3	378
7.90504	2	1	3	395
7.91004	2	1	3	5263
7.91054	2	1	3	378
8.00504	2	1	3	395
8.01004	2	1	3	5263
8.01054	2	1	3	378
8.10504	2	1	3	395
8.11004	2	1	3	5263
8.11054	2	1	3	378
8.20504	2	1	3	395
8.21004	2	1	3	5263
8.21054	2	1	3	378
8.30504	2	1	3	395
8.31004	2	1	3	5263
8.31054	2	1	3	378
8.40504	2	1	3	395
8.41004	2	1	3	5263
8.41054	2	1	3	378
8.50504	2	1	3	395
8.51004	2	1	3	5263
8.51054	2	1	3	378
8.60504	2	1	3	395
8.61004	2	1	3	5263
8.61054	2	1	3	378
8.70504	2	1	3	395
8.71004	2	1	3	5263
8.71054	2	1	3	378
8.80504	2	1	3	395
8.81004	2	1	3	5263
8.81054	2	1	3	378
8.90504	2	1	3	395
8.91004	2	1	3	5263
8.91054	2	1	3	378
9.00504	2	1	3	395
9.01004	2	1	3	5263
9.01054	2	1	3	378
9.10504	2	1	3	395
9.11004	2	1	3	5263
9.11054	2	1	3	378
9.20504	2	1	3	395
9.21004	2	1	3	5263
9.21054	2	1	3	378
9.30504	2	1	3	395
9.31004	2	1	3	5263
9.31054	2	1	3	378
9.40504	2	1	3	395
9.41004	2	1	3	5263
9.41054	2	1	3	378
9.50504	2	1	3	395
9.51004	2	1	3	5263
9.51054	2	1	3	378
9.60504	2	1	3	395
9.61004	2	1	3	5263
9.61054	2	1	3	378
9.70504	2	1	3	395
9.71004	2	1	3	5263
9.71054	2	1	3	378
9.80504	2	1	3	395
9.81004	2	1	3	5263
9.81054	2	1	3	378
9.90504	2	1	3	395
9.91004	2	1	3	5263
9.91054	2	1	3	378
10.005	2	1	3	395
10.01	2	1	3	5263
10.0105	2	1	3	378
10.105	2	1	3	395
10.11	2	1	3	5263
10.1105	2	1	3	378
10.205	2	1	3	395
10.21	2	1	3	5263
10.2105	2	1	3	378
10.305	2	1	3	395
10.31	2	1	3	5263
10.3105	2	1	3	378
10.405	2	1	3	395
10.41	2	1	3	5263
10.4105	2	1	3	378
10.505	2	1	3	395
10.51	2	1	3	5263
10.5105	2	1	3	378
10.605	2	1	3	395
10.61	2	1	3	5263
10.6105	2	1	3	378
10.705	2	1	3	395
10.71	2	1	3	5263
10.7105	2	1	3	378
10.805	2	1	3	395
10.81	2	1	3	5263
10.8105	2	1	3	378
10.905	2	1	3	395
10.91	2	1	3	5263
10.9105	2	1	3	378
11.005	2	1	3	395
11.01	2	1	3	5263
11.0105	2	1	3	378
11.105	2	1	3	395
11.11	2	1	3	5263
11.1105	2	1	3	378
11.205	2	1	3	395
11.21	2	1	3	5263
11.2105	2	1	3	378
11.305	2	1	3	395
11.31	2	1	3	5263
11.3105	2	1	3	378
11.405	2	1	3	395
11.41	2	1	3	5263
11.4105	2	1	3	378
11.505	2	1	3	395
11.51	2	1	3	5263
11.5105	2	1	3	378
11.605	2	1	3	395
11.61	2	1	3	5263
11.6105	2	1	3	378
11.705	2	1	3	395
11.71	2	1	3	5263
11.7105	2	1	3	378
11.805	2	1	3	395
11.81	2	1	3	5263
11.8105	2	1	3	378
11.905	2	1	3	395
11.91	2	1	3	5263
11.9105	2	1	3	378
12.005	2	1	3	395
12.01	2	1	3	5263
12.0105	2	1	3	378
12.105	2	1	3	395
12.11	2	1	3	5263
12.1105	2	1	3	378
12.205	2	1	3	395
12.21	2	1	3	5263
12.2105	2	1	3	378
12.305	2	1	3	395
12.31	2	1	3	5263
12.3105	2	1	3	378
12.405	2	1	3	395
12.41	2	1	3	5263
12.4105	2	1	3	378
12.505	2	1	3	395
12.51	2	1	3	5263
12.5105	2	1	3	378
12.605	2	1	3	395
12.61	2	1	3	5263
12.6105	2	1	3	378
12.705	2	1	3	395
12.71	2	1	3	5263
12.7105	2	1	3	378
12.805	2	1	3	395
12.81	2	1	3	5263
12.8105	2	1	3	378
12.905	2	1	3	395
12.91	2	1	3	5263
12.9105	2	1	3	378
13.005	2	1	3	395
13.01	2	1	3	5263
13.0105	2	1	3	378
13.105	2	1	3	395
13.11	2	1	3	5263
13.1105	2	1	3	378
13.205	2	1	3	395
13.21	2	1	3	5263
13.2105	2	1	3	378
13.305	2	1	3	395
13.31	2	1	3	5263
13.3105	2	1	3	378
13.405	2	1	3	395
13.41	2	1	3	5263
13.4105	2	1	3	378
13.505	2	1	3	395
13.51	2	1	3	5263
13.5105	2	1	3	378
13.605	2	1	3	395
13.61	2	1	3	5263
13.6105	2	1	3	378
13.705	2	1	3	395
13.71	2	1	3	5263
13.7105	2	1	3	378
13.805	2	1	3	395
13.81	2	1	3	5263
13.8105	2	1	3	378
13.905	2	1	3	395
13.91	2	1	3	5263
13.9105	2	1	3	378
14.005	2	1	3	395
14.01	2	1	3	5263
14.0105	2	1	3	378
14.105	2	1	3	395
14.11	2	1	3	5263
14.1105	2	1	3	378
14.205	2	1	3	395
14.21	2	1	3	5263
14.2105	2	1	3	378
14.305	2	1	3	395
14.31	2	1	3	5263
14.3105	2	1	3	378
14.405	2	1	3	395
14.41	2	1	3	5263
14.4105	2	1	3	378
14.505	2	1	3	395
14.51	2	1	3	5263
14.5105	2	1	3	378
14.605	2	1	3	395
14.61	2	1	3	5263
14.6105	2	1	3	378
14.705	2	1	3	395
14.71	2	1	3	5263
14.7105	2	1	3	378
14.805	2	1	3	395
14.81	2	1	3	5263
14.8105	2	1	3	378
14.905	2	1	3	395
14.91	2	1	3	5263
14.9105	2	1	3	378
15.005	2	1	3	395
15.01	2	1	3	5263
15.0105	2	1	3	378
15.105	2	1	3	395
15.11	2	1	3	5263
15.1105	2	1	3	378
15.205	2	1	3	395
15.21	2	1	3	5263
15.2105	2	1	3	378
15.305	2	1	3	395
15.31	2	1	3	5263
15.3105	2	1	3	378
15.405	2	1	3	395
15.41	2	1	3	5263
15.4105	2	1	3	378
15.505	2	1	3	395
15.51	2	1	3	5263
15.5105	2	1	3	378
15.605	2	1	3	395
15.61	2	1	3	5263
15.6105	2	1	3	378
15.705	2	1	3	395
15.71	2	1	3	5263
15.7105	2	1	3	378
15.805	2	1	3	395
15.81	2	1	3	5263
15.8105	2	1	3	378
15.905	2	1	3	395
15.91	2	1	3	5263
15.9105	2	1	3	378
16.005	2	1	3	395
16.01	2	1	3	5263
16.0105	2	1	3	378
16.105	2	1	3	395
16.11	2	1	3	5263
16.1105	2	1	3	378
16.205	2	1	3	395
16.21	2	1	3	5263
16.2105	2	1	3	378
16.305	2	1	3	395
16.31	2	1	3	5263
16.3105	2	1	3	378
16.405	2	1	3	395
16.41	2	1	3	5263
16.4105	2	1	3	378
16.505	2	1	3	395
16.51	2	1	3	5263
16.5105	2	1	3	378
16.605	2	1	3	395
16.61	2	1	3	5263
16.6105	2	1	3	378
16.705	2	1	3	395
16.71	2	1	3	5263
16.7105	2	1	3	378
16.805	2	1	3	395
16.81	2	1	3	5263
16.8105	2	1	3	378
16.905	2	1	3	395
16.91	2	1	3	5263
16.9105	2	1	3	378
17.005	2	1	3	395
17.01	2	1	3	5263
17.0105	2	1	3	378
17.105	2	1	3	395
17.11	2	1	3	5263
17.1105	2	1	3	378
17.205	2	1	3	395
17.21	2	1	3	5263
17.2105	2	1	3	378
17.305	2	1	3	395
17.31	2	1	3	5263
17.3105	2	1	3	378
17.405	2	1	3	395
17.41	2	1	3	5263
17.4105	2	1	3	378
17.505	2	1	3	395
17.51	2	1	3	5263
17.5105	2	1	3	378
17.605	2	1	3	395
17.61	2	1	3	5263
17.6105	2	1	3	378
17.705	2	1	3	395
17.71	2	1	3	5263
17.7105	2	1	3	378
17.805	2	1	3	395
17.81	2	1	3	5263
17.8105	2	1	3	378
17.905	2	1	3	395
17.91	2	1	3	5263
17.9105	2	1	3	378
18.005	2	1	3	395
18.01	2	1	3	5263
18.0105	2	1	3	378
18.105	2	1	3	395
18.11	2	1	3	5263
18.1105	2	1	3	378
18.205	2	1	3	395
18.21	2	1	3	5263
18.2105	2	1	3	378
18.305	2	1	3	395
18.31	2	1	3	5263
18.3105	2	1	3	378
18.405	2	1	3	395
18.41	2	1	3	5263
18.4105	2	1	3	378
18.505	2	1	3	395
18.51	2	1	3	5263
18.5105	2	1	3	378
18.605	2	1	3	395
18.61	2	1	3	5263
18.6105	2	1	3	378
18.705	2	1	3	395
18.71	2	1	3	5263
18.7105	2	1	3	378
18.805	2	1	3	395
18.81	2	1	3	5263
18.8105	2	1	3	378
18.905	2	1	3	395
18.91	2	1	3	5263
18.9105	2	1	3	378
19.005	2	1	3	395
19.01	2	1	3	5263
19.0105	2	1	3	378
19.105	2	1	3	395
19.11	2	1	3	5263
19.1105	2	1	3	378
19.205	2	1	3	395
19.21	2	1	3	5263
19.2105	2	1	3	378
19.305	2	1	3	395
19.31	2	1	3	5263
19.3105	2	1	3	378
19.405	2	1	3	395
19.41	2	1	3	5263
19.4105	2	1	3	378
19.505	2	1	3	395
19.51	2	1	3	5263
19.5105	2	1	3	378
19.605	2	1	3	395
19.61	2	1	3	5263
19.6105	2	1	3	378
19.705	2	1	3	395
19.71	2	1	3	5263
19.7105	2	1	3	378
19.805	2	1	3	395
19.81	2	1	3	5263
19.8105	2	1	3	378
