% time(s)	cellId	bwpId	IMSI	RNTI	frame	sframe	slot	symStart	numSym	harqId	ndi	rv	mcs	tbSize
0.104	1	0	1	1	10	6	0	10	3	15	1	0	0	49
0.109	1	0	1	1	11	1	0	0	13	15	1	0	28	5271
0.1095	1	0	1	1	11	1	1	7	6	14	1	0	28	2433
0.204	1	0	1	1	20	6	0	12	1	15	1	0	28	403
0.209	1	0	1	1	21	1	0	0	13	15	1	0	28	5271
0.2095	1	0	1	1	21	1	1	7	6	14	1	0	28	2433
0.304	1	0	1	1	30	6	0	12	1	15	1	0	28	403
0.309	1	0	1	1	31	1	0	0	13	15	1	0	28	5271
0.3095	1	0	1	1	31	1	1	7	6	14	1	0	28	2433
0.404	1	0	1	1	40	6	0	12	1	15	1	0	28	403
0.409	1	0	1	1	41	1	0	0	13	15	1	0	28	5271
0.4095	1	0	1	1	41	1	1	7	6	14	1	0	28	2433
0.504	1	0	1	1	50	6	0	12	1	15	1	0	28	403
0.509	1	0	1	1	51	1	0	0	13	15	1	0	28	5271
0.5095	1	0	1	1	51	1	1	7	6	14	1	0	28	2433
0.604	1	0	1	1	60	6	0	12	1	15	1	0	28	403
0.609	1	0	1	1	61	1	0	0	13	15	1	0	28	5271
0.6095	1	0	1	1	61	1	1	7	6	14	1	0	28	2433
0.704	1	0	1	1	70	6	0	12	1	15	1	0	28	403
0.709	1	0	1	1	71	1	0	0	13	15	1	0	28	5271
0.7095	1	0	1	1	71	1	1	7	6	14	1	0	28	2433
0.804	1	0	1	1	80	6	0	12	1	15	1	0	28	403
0.809	1	0	1	1	81	1	0	0	13	15	1	0	28	5271
0.8095	1	0	1	1	81	1	1	7	6	14	1	0	28	2433
0.904	1	0	1	1	90	6	0	12	1	15	1	0	28	403
0.909	1	0	1	1	91	1	0	0	13	15	1	0	28	5271
0.9095	1	0	1	1	91	1	1	7	6	14	1	0	28	2433
1.004	1	0	1	1	100	6	0	12	1	15	1	0	28	403
1.009	1	0	1	1	101	1	0	0	13	15	1	0	28	5271
1.0095	1	0	1	1	101	1	1	7	6	14	1	0	28	2433
1.104	1	0	1	1	110	6	0	12	1	15	1	0	28	403
1.109	1	0	1	1	111	1	0	0	13	15	1	0	28	5271
1.1095	1	0	1	1	111	1	1	7	6	14	1	0	28	2433
1.204	1	0	1	1	120	6	0	12	1	15	1	0	28	403
1.209	1	0	1	1	121	1	0	0	13	15	1	0	28	5271
1.2095	1	0	1	1	121	1	1	7	6	14	1	0	28	2433
1.304	1	0	1	1	130	6	0	12	1	15	1	0	28	403
1.309	1	0	1	1	131	1	0	0	13	15	1	0	28	5271
1.3095	1	0	1	1	131	1	1	7	6	14	1	0	28	2433
1.404	1	0	1	1	140	6	0	12	1	15	1	0	28	403
1.409	1	0	1	1	141	1	0	0	13	15	1	0	28	5271
1.4095	1	0	1	1	141	1	1	7	6	14	1	0	28	2433
1.504	1	0	1	1	150	6	0	12	1	15	1	0	28	403
1.509	1	0	1	1	151	1	0	0	13	15	1	0	28	5271
1.5095	1	0	1	1	151	1	1	7	6	14	1	0	28	2433
1.604	1	0	1	1	160	6	0	12	1	15	1	0	28	403
1.609	1	0	1	1	161	1	0	0	13	15	1	0	28	5271
1.6095	1	0	1	1	161	1	1	7	6	14	1	0	28	2433
1.704	1	0	1	1	170	6	0	12	1	15	1	0	28	403
1.709	1	0	1	1	171	1	0	0	13	15	1	0	28	5271
1.7095	1	0	1	1	171	1	1	7	6	14	1	0	28	2433
1.804	1	0	1	1	180	6	0	12	1	15	1	0	28	403
1.809	1	0	1	1	181	1	0	0	13	15	1	0	28	5271
1.8095	1	0	1	1	181	1	1	7	6	14	1	0	28	2433
1.904	1	0	1	1	190	6	0	12	1	15	1	0	28	403
1.909	1	0	1	1	191	1	0	0	13	15	1	0	28	5271
1.9095	1	0	1	1	191	1	1	7	6	14	1	0	28	2433
2.004	1	0	1	1	200	6	0	12	1	15	1	0	28	403
2.009	1	0	1	1	201	1	0	0	13	15	1	0	28	5271
2.0095	1	0	1	1	201	1	1	7	6	14	1	0	28	2433
2.104	1	0	1	1	210	6	0	12	1	15	1	0	28	403
2.109	1	0	1	1	211	1	0	0	13	15	1	0	28	5271
2.1095	1	0	1	1	211	1	1	7	6	14	1	0	28	2433
2.204	1	0	1	1	220	6	0	12	1	15	1	0	28	403
2.209	1	0	1	1	221	1	0	0	13	15	1	0	28	5271
2.2095	1	0	1	1	221	1	1	7	6	14	1	0	28	2433
2.304	1	0	1	1	230	6	0	12	1	15	1	0	28	403
2.309	1	0	1	1	231	1	0	0	13	15	1	0	28	5271
2.3095	1	0	1	1	231	1	1	7	6	14	1	0	28	2433
2.404	1	0	1	1	240	6	0	12	1	15	1	0	28	403
2.409	1	0	1	1	241	1	0	0	13	15	1	0	28	5271
2.4095	1	0	1	1	241	1	1	7	6	14	1	0	28	2433
2.504	1	0	1	1	250	6	0	12	1	15	1	0	28	403
2.509	1	0	1	1	251	1	0	0	13	15	1	0	28	5271
2.5095	1	0	1	1	251	1	1	7	6	14	1	0	28	2433
2.604	1	0	1	1	260	6	0	12	1	15	1	0	28	403
2.609	1	0	1	1	261	1	0	0	13	15	1	0	28	5271
2.6095	1	0	1	1	261	1	1	7	6	14	1	0	28	2433
2.704	1	0	1	1	270	6	0	12	1	15	1	0	28	403
2.709	1	0	1	1	271	1	0	0	13	15	1	0	28	5271
2.7095	1	0	1	1	271	1	1	7	6	14	1	0	28	2433
2.804	1	0	1	1	280	6	0	12	1	15	1	0	28	403
2.809	1	0	1	1	281	1	0	0	13	15	1	0	28	5271
2.8095	1	0	1	1	281	1	1	7	6	14	1	0	28	2433
2.904	1	0	1	1	290	6	0	12	1	15	1	0	28	403
2.909	1	0	1	1	291	1	0	0	13	15	1	0	28	5271
2.9095	1	0	1	1	291	1	1	7	6	14	1	0	28	2433
3.004	1	0	1	1	300	6	0	12	1	15	1	0	28	403
3.009	1	0	1	1	301	1	0	0	13	15	1	0	28	5271
3.0095	1	0	1	1	301	1	1	7	6	14	1	0	28	2433
3.104	1	0	1	1	310	6	0	12	1	15	1	0	28	403
3.109	1	0	1	1	311	1	0	0	13	15	1	0	28	5271
3.1095	1	0	1	1	311	1	1	7	6	14	1	0	28	2433
3.204	1	0	1	1	320	6	0	12	1	15	1	0	28	403
3.209	1	0	1	1	321	1	0	0	13	15	1	0	28	5271
3.2095	1	0	1	1	321	1	1	7	6	14	1	0	28	2433
3.304	1	0	1	1	330	6	0	12	1	15	1	0	28	403
3.309	1	0	1	1	331	1	0	0	13	15	1	0	28	5271
3.3095	1	0	1	1	331	1	1	7	6	14	1	0	28	2433
3.404	1	0	1	1	340	6	0	12	1	15	1	0	28	403
3.409	1	0	1	1	341	1	0	0	13	15	1	0	28	5271
3.4095	1	0	1	1	341	1	1	7	6	14	1	0	28	2433
3.504	1	0	1	1	350	6	0	12	1	15	1	0	28	403
3.509	1	0	1	1	351	1	0	0	13	15	1	0	28	5271
3.5095	1	0	1	1	351	1	1	7	6	14	1	0	28	2433
3.604	1	0	1	1	360	6	0	12	1	15	1	0	28	403
3.609	1	0	1	1	361	1	0	0	13	15	1	0	28	5271
3.6095	1	0	1	1	361	1	1	7	6	14	1	0	28	2433
3.704	1	0	1	1	370	6	0	12	1	15	1	0	28	403
3.709	1	0	1	1	371	1	0	0	13	15	1	0	28	5271
3.7095	1	0	1	1	371	1	1	7	6	14	1	0	28	2433
3.804	1	0	1	1	380	6	0	12	1	15	1	0	28	403
3.809	1	0	1	1	381	1	0	0	13	15	1	0	28	5271
3.8095	1	0	1	1	381	1	1	7	6	14	1	0	28	2433
3.904	1	0	1	1	390	6	0	12	1	15	1	0	28	403
3.909	1	0	1	1	391	1	0	0	13	15	1	0	28	5271
3.9095	1	0	1	1	391	1	1	7	6	14	1	0	28	2433
4.004	1	0	1	1	400	6	0	12	1	15	1	0	28	403
4.009	1	0	1	1	401	1	0	0	13	15	1	0	28	5271
4.0095	1	0	1	1	401	1	1	7	6	14	1	0	28	2433
4.104	1	0	1	1	410	6	0	12	1	15	1	0	28	403
4.109	1	0	1	1	411	1	0	0	13	15	1	0	28	5271
4.1095	1	0	1	1	411	1	1	7	6	14	1	0	28	2433
4.204	1	0	1	1	420	6	0	12	1	15	1	0	28	403
4.209	1	0	1	1	421	1	0	0	13	15	1	0	28	5271
4.2095	1	0	1	1	421	1	1	7	6	14	1	0	28	2433
4.304	1	0	1	1	430	6	0	12	1	15	1	0	28	403
4.309	1	0	1	1	431	1	0	0	13	15	1	0	28	5271
4.3095	1	0	1	1	431	1	1	7	6	14	1	0	28	2433
4.404	1	0	1	1	440	6	0	12	1	15	1	0	28	403
4.409	1	0	1	1	441	1	0	0	13	15	1	0	28	5271
4.4095	1	0	1	1	441	1	1	7	6	14	1	0	28	2433
4.504	1	0	1	1	450	6	0	12	1	15	1	0	28	403
4.509	1	0	1	1	451	1	0	0	13	15	1	0	28	5271
4.5095	1	0	1	1	451	1	1	7	6	14	1	0	28	2433
4.604	1	0	1	1	460	6	0	12	1	15	1	0	28	403
4.609	1	0	1	1	461	1	0	0	13	15	1	0	28	5271
4.6095	1	0	1	1	461	1	1	7	6	14	1	0	28	2433
4.704	1	0	1	1	470	6	0	12	1	15	1	0	28	403
4.709	1	0	1	1	471	1	0	0	13	15	1	0	28	5271
4.7095	1	0	1	1	471	1	1	7	6	14	1	0	28	2433
4.804	1	0	1	1	480	6	0	12	1	15	1	0	28	403
4.809	1	0	1	1	481	1	0	0	13	15	1	0	28	5271
4.8095	1	0	1	1	481	1	1	7	6	14	1	0	28	2433
4.904	1	0	1	1	490	6	0	12	1	15	1	0	28	403
4.909	1	0	1	1	491	1	0	0	13	15	1	0	28	5271
4.9095	1	0	1	1	491	1	1	7	6	14	1	0	28	2433
5.004	1	0	1	1	500	6	0	12	1	15	1	0	28	403
5.009	1	0	1	1	501	1	0	0	13	15	1	0	28	5271
5.0095	1	0	1	1	501	1	1	7	6	14	1	0	28	2433
5.104	1	0	1	1	510	6	0	12	1	15	1	0	28	403
5.109	1	0	1	1	511	1	0	0	13	15	1	0	28	5271
5.1095	1	0	1	1	511	1	1	7	6	14	1	0	28	2433
5.204	1	0	1	1	520	6	0	12	1	15	1	0	28	403
5.209	1	0	1	1	521	1	0	0	13	15	1	0	28	5271
5.2095	1	0	1	1	521	1	1	7	6	14	1	0	28	2433
5.304	1	0	1	1	530	6	0	12	1	15	1	0	28	403
5.309	1	0	1	1	531	1	0	0	13	15	1	0	28	5271
5.3095	1	0	1	1	531	1	1	7	6	14	1	0	28	2433
5.404	1	0	1	1	540	6	0	12	1	15	1	0	28	403
5.409	1	0	1	1	541	1	0	0	13	15	1	0	28	5271
5.4095	1	0	1	1	541	1	1	7	6	14	1	0	28	2433
5.504	1	0	1	1	550	6	0	12	1	15	1	0	28	403
5.509	1	0	1	1	551	1	0	0	13	15	1	0	28	5271
5.5095	1	0	1	1	551	1	1	7	6	14	1	0	28	2433
5.604	1	0	1	1	560	6	0	12	1	15	1	0	28	403
5.609	1	0	1	1	561	1	0	0	13	15	1	0	28	5271
5.6095	1	0	1	1	561	1	1	7	6	14	1	0	28	2433
5.704	1	0	1	1	570	6	0	12	1	15	1	0	28	403
5.709	1	0	1	1	571	1	0	0	13	15	1	0	28	5271
5.7095	1	0	1	1	571	1	1	7	6	14	1	0	28	2433
5.804	1	0	1	1	580	6	0	12	1	15	1	0	28	403
5.809	1	0	1	1	581	1	0	0	13	15	1	0	28	5271
5.8095	1	0	1	1	581	1	1	7	6	14	1	0	28	2433
5.904	1	0	1	1	590	6	0	12	1	15	1	0	28	403
5.909	1	0	1	1	591	1	0	0	13	15	1	0	28	5271
5.9095	1	0	1	1	591	1	1	7	6	14	1	0	28	2433
6.004	1	0	1	1	600	6	0	12	1	15	1	0	28	403
6.009	1	0	1	1	601	1	0	0	13	15	1	0	28	5271
6.0095	1	0	1	1	601	1	1	7	6	14	1	0	28	2433
6.104	1	0	1	1	610	6	0	12	1	15	1	0	28	403
6.109	1	0	1	1	611	1	0	0	13	15	1	0	28	5271
6.1095	1	0	1	1	611	1	1	7	6	14	1	0	28	2433
6.204	1	0	1	1	620	6	0	12	1	15	1	0	28	403
6.209	1	0	1	1	621	1	0	0	13	15	1	0	28	5271
6.2095	1	0	1	1	621	1	1	7	6	14	1	0	28	2433
6.304	1	0	1	1	630	6	0	12	1	15	1	0	28	403
6.309	1	0	1	1	631	1	0	0	13	15	1	0	28	5271
6.3095	1	0	1	1	631	1	1	7	6	14	1	0	28	2433
6.404	1	0	1	1	640	6	0	12	1	15	1	0	28	403
6.409	1	0	1	1	641	1	0	0	13	15	1	0	28	5271
6.4095	1	0	1	1	641	1	1	7	6	14	1	0	28	2433
6.504	1	0	1	1	650	6	0	12	1	15	1	0	28	403
6.509	1	0	1	1	651	1	0	0	13	15	1	0	28	5271
6.5095	1	0	1	1	651	1	1	7	6	14	1	0	28	2433
6.604	1	0	1	1	660	6	0	12	1	15	1	0	28	403
6.609	1	0	1	1	661	1	0	0	13	15	1	0	28	5271
6.6095	1	0	1	1	661	1	1	7	6	14	1	0	28	2433
6.704	1	0	1	1	670	6	0	12	1	15	1	0	28	403
6.709	1	0	1	1	671	1	0	0	13	15	1	0	28	5271
6.7095	1	0	1	1	671	1	1	7	6	14	1	0	28	2433
6.804	1	0	1	1	680	6	0	12	1	15	1	0	28	403
6.809	1	0	1	1	681	1	0	0	13	15	1	0	28	5271
6.8095	1	0	1	1	681	1	1	7	6	14	1	0	28	2433
6.904	1	0	1	1	690	6	0	12	1	15	1	0	28	403
6.909	1	0	1	1	691	1	0	0	13	15	1	0	28	5271
6.9095	1	0	1	1	691	1	1	7	6	14	1	0	28	2433
7.004	1	0	1	1	700	6	0	12	1	15	1	0	28	403
7.009	1	0	1	1	701	1	0	0	13	15	1	0	28	5271
7.0095	1	0	1	1	701	1	1	7	6	14	1	0	28	2433
7.104	1	0	1	1	710	6	0	12	1	15	1	0	28	403
7.109	1	0	1	1	711	1	0	0	13	15	1	0	28	5271
7.1095	1	0	1	1	711	1	1	7	6	14	1	0	28	2433
7.204	1	0	1	1	720	6	0	12	1	15	1	0	28	403
7.209	1	0	1	1	721	1	0	0	13	15	1	0	28	5271
7.2095	1	0	1	1	721	1	1	7	6	14	1	0	28	2433
7.304	1	0	1	1	730	6	0	12	1	15	1	0	28	403
7.309	1	0	1	1	731	1	0	0	13	15	1	0	28	5271
7.3095	1	0	1	1	731	1	1	7	6	14	1	0	28	2433
7.404	1	0	1	1	740	6	0	12	1	15	1	0	28	403
7.409	1	0	1	1	741	1	0	0	13	15	1	0	28	5271
7.4095	1	0	1	1	741	1	1	7	6	14	1	0	28	2433
7.504	1	0	1	1	750	6	0	12	1	15	1	0	28	403
7.509	1	0	1	1	751	1	0	0	13	15	1	0	28	5271
7.5095	1	0	1	1	751	1	1	7	6	14	1	0	28	2433
7.604	1	0	1	1	760	6	0	12	1	15	1	0	28	403
7.609	1	0	1	1	761	1	0	0	13	15	1	0	28	5271
7.6095	1	0	1	1	761	1	1	7	6	14	1	0	28	2433
7.704	1	0	1	1	770	6	0	12	1	15	1	0	28	403
7.709	1	0	1	1	771	1	0	0	13	15	1	0	28	5271
7.7095	1	0	1	1	771	1	1	7	6	14	1	0	28	2433
7.804	1	0	1	1	780	6	0	12	1	15	1	0	28	403
7.809	1	0	1	1	781	1	0	0	13	15	1	0	28	5271
7.8095	1	0	1	1	781	1	1	7	6	14	1	0	28	2433
7.904	1	0	1	1	790	6	0	12	1	15	1	0	28	403
7.909	1	0	1	1	791	1	0	0	13	15	1	0	28	5271
7.9095	1	0	1	1	791	1	1	7	6	14	1	0	28	2433
8.004	1	0	1	1	800	6	0	12	1	15	1	0	28	403
8.009	1	0	1	1	801	1	0	0	13	15	1	0	28	5271
8.0095	1	0	1	1	801	1	1	7	6	14	1	0	28	2433
8.104	1	0	1	1	810	6	0	12	1	15	1	0	28	403
8.109	1	0	1	1	811	1	0	0	13	15	1	0	28	5271
8.1095	1	0	1	1	811	1	1	7	6	14	1	0	28	2433
8.204	1	0	1	1	820	6	0	12	1	15	1	0	28	403
8.209	1	0	1	1	821	1	0	0	13	15	1	0	28	5271
8.2095	1	0	1	1	821	1	1	7	6	14	1	0	28	2433
8.304	1	0	1	1	830	6	0	12	1	15	1	0	28	403
8.309	1	0	1	1	831	1	0	0	13	15	1	0	28	5271
8.3095	1	0	1	1	831	1	1	7	6	14	1	0	28	2433
8.404	1	0	1	1	840	6	0	12	1	15	1	0	28	403
8.409	1	0	1	1	841	1	0	0	13	15	1	0	28	5271
8.4095	1	0	1	1	841	1	1	7	6	14	1	0	28	2433
8.504	1	0	1	1	850	6	0	12	1	15	1	0	28	403
8.509	1	0	1	1	851	1	0	0	13	15	1	0	28	5271
8.5095	1	0	1	1	851	1	1	7	6	14	1	0	28	2433
8.604	1	0	1	1	860	6	0	12	1	15	1	0	28	403
8.609	1	0	1	1	861	1	0	0	13	15	1	0	28	5271
8.6095	1	0	1	1	861	1	1	7	6	14	1	0	28	2433
8.704	1	0	1	1	870	6	0	12	1	15	1	0	28	403
8.709	1	0	1	1	871	1	0	0	13	15	1	0	28	5271
8.7095	1	0	1	1	871	1	1	7	6	14	1	0	28	2433
8.804	1	0	1	1	880	6	0	12	1	15	1	0	28	403
8.809	1	0	1	1	881	1	0	0	13	15	1	0	28	5271
8.8095	1	0	1	1	881	1	1	7	6	14	1	0	28	2433
8.904	1	0	1	1	890	6	0	12	1	15	1	0	28	403
8.909	1	0	1	1	891	1	0	0	13	15	1	0	28	5271
8.9095	1	0	1	1	891	1	1	7	6	14	1	0	28	2433
9.004	1	0	1	1	900	6	0	12	1	15	1	0	28	403
9.009	1	0	1	1	901	1	0	0	13	15	1	0	28	5271
9.0095	1	0	1	1	901	1	1	7	6	14	1	0	28	2433
9.104	1	0	1	1	910	6	0	12	1	15	1	0	28	403
9.109	1	0	1	1	911	1	0	0	13	15	1	0	28	5271
9.1095	1	0	1	1	911	1	1	7	6	14	1	0	28	2433
9.204	1	0	1	1	920	6	0	12	1	15	1	0	28	403
9.209	1	0	1	1	921	1	0	0	13	15	1	0	28	5271
9.2095	1	0	1	1	921	1	1	7	6	14	1	0	28	2433
9.304	1	0	1	1	930	6	0	12	1	15	1	0	28	403
9.309	1	0	1	1	931	1	0	0	13	15	1	0	28	5271
9.3095	1	0	1	1	931	1	1	7	6	14	1	0	28	2433
9.404	1	0	1	1	940	6	0	12	1	15	1	0	28	403
9.409	1	0	1	1	941	1	0	0	13	15	1	0	28	5271
9.4095	1	0	1	1	941	1	1	7	6	14	1	0	28	2433
9.504	1	0	1	1	950	6	0	12	1	15	1	0	28	403
9.509	1	0	1	1	951	1	0	0	13	15	1	0	28	5271
9.5095	1	0	1	1	951	1	1	7	6	14	1	0	28	2433
9.604	1	0	1	1	960	6	0	12	1	15	1	0	28	403
9.609	1	0	1	1	961	1	0	0	13	15	1	0	28	5271
9.6095	1	0	1	1	961	1	1	7	6	14	1	0	28	2433
9.704	1	0	1	1	970	6	0	12	1	15	1	0	28	403
9.709	1	0	1	1	971	1	0	0	13	15	1	0	28	5271
9.7095	1	0	1	1	971	1	1	7	6	14	1	0	28	2433
9.804	1	0	1	1	980	6	0	12	1	15	1	0	28	403
9.809	1	0	1	1	981	1	0	0	13	15	1	0	28	5271
9.8095	1	0	1	1	981	1	1	7	6	14	1	0	28	2433
9.904	1	0	1	1	990	6	0	12	1	15	1	0	28	403
9.909	1	0	1	1	991	1	0	0	13	15	1	0	28	5271
9.9095	1	0	1	1	991	1	1	7	6	14	1	0	28	2433
10.004	1	0	1	1	1000	6	0	12	1	15	1	0	28	403
10.009	1	0	1	1	1001	1	0	0	13	15	1	0	28	5271
10.0095	1	0	1	1	1001	1	1	7	6	14	1	0	28	2433
10.104	1	0	1	1	1010	6	0	12	1	15	1	0	28	403
10.109	1	0	1	1	1011	1	0	0	13	15	1	0	28	5271
10.1095	1	0	1	1	1011	1	1	7	6	14	1	0	28	2433
10.204	1	0	1	1	1020	6	0	12	1	15	1	0	28	403
10.209	1	0	1	1	1021	1	0	0	13	15	1	0	28	5271
10.2095	1	0	1	1	1021	1	1	7	6	14	1	0	28	2433
10.304	1	0	1	1	1030	6	0	12	1	15	1	0	28	403
10.309	1	0	1	1	1031	1	0	0	13	15	1	0	28	5271
10.3095	1	0	1	1	1031	1	1	7	6	14	1	0	28	2433
10.404	1	0	1	1	1040	6	0	12	1	15	1	0	28	403
10.409	1	0	1	1	1041	1	0	0	13	15	1	0	28	5271
10.4095	1	0	1	1	1041	1	1	7	6	14	1	0	28	2433
10.504	1	0	1	1	1050	6	0	12	1	15	1	0	28	403
10.509	1	0	1	1	1051	1	0	0	13	15	1	0	28	5271
10.5095	1	0	1	1	1051	1	1	7	6	14	1	0	28	2433
10.604	1	0	1	1	1060	6	0	12	1	15	1	0	28	403
10.609	1	0	1	1	1061	1	0	0	13	15	1	0	28	5271
10.6095	1	0	1	1	1061	1	1	7	6	14	1	0	28	2433
10.704	1	0	1	1	1070	6	0	12	1	15	1	0	28	403
10.709	1	0	1	1	1071	1	0	0	13	15	1	0	28	5271
10.7095	1	0	1	1	1071	1	1	7	6	14	1	0	28	2433
10.804	1	0	1	1	1080	6	0	12	1	15	1	0	28	403
10.809	1	0	1	1	1081	1	0	0	13	15	1	0	28	5271
10.8095	1	0	1	1	1081	1	1	7	6	14	1	0	28	2433
10.904	1	0	1	1	1090	6	0	12	1	15	1	0	28	403
10.909	1	0	1	1	1091	1	0	0	13	15	1	0	28	5271
10.9095	1	0	1	1	1091	1	1	7	6	14	1	0	28	2433
11.004	1	0	1	1	1100	6	0	12	1	15	1	0	28	403
11.009	1	0	1	1	1101	1	0	0	13	15	1	0	28	5271
11.0095	1	0	1	1	1101	1	1	7	6	14	1	0	28	2433
11.104	1	0	1	1	1110	6	0	12	1	15	1	0	28	403
11.109	1	0	1	1	1111	1	0	0	13	15	1	0	28	5271
11.1095	1	0	1	1	1111	1	1	7	6	14	1	0	28	2433
11.204	1	0	1	1	1120	6	0	12	1	15	1	0	28	403
11.209	1	0	1	1	1121	1	0	0	13	15	1	0	28	5271
11.2095	1	0	1	1	1121	1	1	7	6	14	1	0	28	2433
11.304	1	0	1	1	1130	6	0	12	1	15	1	0	28	403
11.309	1	0	1	1	1131	1	0	0	13	15	1	0	28	5271
11.3095	1	0	1	1	1131	1	1	7	6	14	1	0	28	2433
11.404	1	0	1	1	1140	6	0	12	1	15	1	0	28	403
11.409	1	0	1	1	1141	1	0	0	13	15	1	0	28	5271
11.4095	1	0	1	1	1141	1	1	7	6	14	1	0	28	2433
11.504	1	0	1	1	1150	6	0	12	1	15	1	0	28	403
11.509	1	0	1	1	1151	1	0	0	13	15	1	0	28	5271
11.5095	1	0	1	1	1151	1	1	7	6	14	1	0	28	2433
11.604	1	0	1	1	1160	6	0	12	1	15	1	0	28	403
11.609	1	0	1	1	1161	1	0	0	13	15	1	0	28	5271
11.6095	1	0	1	1	1161	1	1	7	6	14	1	0	28	2433
11.704	1	0	1	1	1170	6	0	12	1	15	1	0	28	403
11.709	1	0	1	1	1171	1	0	0	13	15	1	0	28	5271
11.7095	1	0	1	1	1171	1	1	7	6	14	1	0	28	2433
11.804	1	0	1	1	1180	6	0	12	1	15	1	0	28	403
11.809	1	0	1	1	1181	1	0	0	13	15	1	0	28	5271
11.8095	1	0	1	1	1181	1	1	7	6	14	1	0	28	2433
11.904	1	0	1	1	1190	6	0	12	1	15	1	0	28	403
11.909	1	0	1	1	1191	1	0	0	13	15	1	0	28	5271
11.9095	1	0	1	1	1191	1	1	7	6	14	1	0	28	2433
12.004	1	0	1	1	1200	6	0	12	1	15	1	0	28	403
12.009	1	0	1	1	1201	1	0	0	13	15	1	0	28	5271
12.0095	1	0	1	1	1201	1	1	7	6	14	1	0	28	2433
12.104	1	0	1	1	1210	6	0	12	1	15	1	0	28	403
12.109	1	0	1	1	1211	1	0	0	13	15	1	0	28	5271
12.1095	1	0	1	1	1211	1	1	7	6	14	1	0	28	2433
12.204	1	0	1	1	1220	6	0	12	1	15	1	0	28	403
12.209	1	0	1	1	1221	1	0	0	13	15	1	0	28	5271
12.2095	1	0	1	1	1221	1	1	7	6	14	1	0	28	2433
12.304	1	0	1	1	1230	6	0	12	1	15	1	0	28	403
12.309	1	0	1	1	1231	1	0	0	13	15	1	0	28	5271
12.3095	1	0	1	1	1231	1	1	7	6	14	1	0	28	2433
12.404	1	0	1	1	1240	6	0	12	1	15	1	0	28	403
12.409	1	0	1	1	1241	1	0	0	13	15	1	0	28	5271
12.4095	1	0	1	1	1241	1	1	7	6	14	1	0	28	2433
12.504	1	0	1	1	1250	6	0	12	1	15	1	0	28	403
12.509	1	0	1	1	1251	1	0	0	13	15	1	0	28	5271
12.5095	1	0	1	1	1251	1	1	7	6	14	1	0	28	2433
12.604	1	0	1	1	1260	6	0	12	1	15	1	0	28	403
12.609	1	0	1	1	1261	1	0	0	13	15	1	0	28	5271
12.6095	1	0	1	1	1261	1	1	7	6	14	1	0	28	2433
12.704	1	0	1	1	1270	6	0	12	1	15	1	0	28	403
12.709	1	0	1	1	1271	1	0	0	13	15	1	0	28	5271
12.7095	1	0	1	1	1271	1	1	7	6	14	1	0	28	2433
12.804	1	0	1	1	1280	6	0	12	1	15	1	0	28	403
12.809	1	0	1	1	1281	1	0	0	13	15	1	0	28	5271
12.8095	1	0	1	1	1281	1	1	7	6	14	1	0	28	2433
12.904	1	0	1	1	1290	6	0	12	1	15	1	0	28	403
12.909	1	0	1	1	1291	1	0	0	13	15	1	0	28	5271
12.9095	1	0	1	1	1291	1	1	7	6	14	1	0	28	2433
13.004	1	0	1	1	1300	6	0	12	1	15	1	0	28	403
13.009	1	0	1	1	1301	1	0	0	13	15	1	0	28	5271
13.0095	1	0	1	1	1301	1	1	7	6	14	1	0	28	2433
13.104	1	0	1	1	1310	6	0	12	1	15	1	0	28	403
13.109	1	0	1	1	1311	1	0	0	13	15	1	0	28	5271
13.1095	1	0	1	1	1311	1	1	7	6	14	1	0	28	2433
13.204	1	0	1	1	1320	6	0	12	1	15	1	0	28	403
13.209	1	0	1	1	1321	1	0	0	13	15	1	0	28	5271
13.2095	1	0	1	1	1321	1	1	7	6	14	1	0	28	2433
13.304	1	0	1	1	1330	6	0	12	1	15	1	0	28	403
13.309	1	0	1	1	1331	1	0	0	13	15	1	0	28	5271
13.3095	1	0	1	1	1331	1	1	7	6	14	1	0	28	2433
13.404	1	0	1	1	1340	6	0	12	1	15	1	0	28	403
13.409	1	0	1	1	1341	1	0	0	13	15	1	0	28	5271
13.4095	1	0	1	1	1341	1	1	7	6	14	1	0	28	2433
13.504	1	0	1	1	1350	6	0	12	1	15	1	0	28	403
13.509	1	0	1	1	1351	1	0	0	13	15	1	0	28	5271
13.5095	1	0	1	1	1351	1	1	7	6	14	1	0	28	2433
13.604	1	0	1	1	1360	6	0	12	1	15	1	0	28	403
13.609	1	0	1	1	1361	1	0	0	13	15	1	0	28	5271
13.6095	1	0	1	1	1361	1	1	7	6	14	1	0	28	2433
13.704	1	0	1	1	1370	6	0	12	1	15	1	0	28	403
13.709	1	0	1	1	1371	1	0	0	13	15	1	0	28	5271
13.7095	1	0	1	1	1371	1	1	7	6	14	1	0	28	2433
13.804	1	0	1	1	1380	6	0	12	1	15	1	0	28	403
13.809	1	0	1	1	1381	1	0	0	13	15	1	0	28	5271
13.8095	1	0	1	1	1381	1	1	7	6	14	1	0	28	2433
13.904	1	0	1	1	1390	6	0	12	1	15	1	0	28	403
13.909	1	0	1	1	1391	1	0	0	13	15	1	0	28	5271
13.9095	1	0	1	1	1391	1	1	7	6	14	1	0	28	2433
14.004	1	0	1	1	1400	6	0	12	1	15	1	0	28	403
14.009	1	0	1	1	1401	1	0	0	13	15	1	0	28	5271
14.0095	1	0	1	1	1401	1	1	7	6	14	1	0	28	2433
14.104	1	0	1	1	1410	6	0	12	1	15	1	0	28	403
14.109	1	0	1	1	1411	1	0	0	13	15	1	0	28	5271
14.1095	1	0	1	1	1411	1	1	7	6	14	1	0	28	2433
14.204	1	0	1	1	1420	6	0	12	1	15	1	0	28	403
14.209	1	0	1	1	1421	1	0	0	13	15	1	0	28	5271
14.2095	1	0	1	1	1421	1	1	7	6	14	1	0	28	2433
14.304	1	0	1	1	1430	6	0	12	1	15	1	0	28	403
14.309	1	0	1	1	1431	1	0	0	13	15	1	0	28	5271
14.3095	1	0	1	1	1431	1	1	7	6	14	1	0	28	2433
14.404	1	0	1	1	1440	6	0	12	1	15	1	0	28	403
14.409	1	0	1	1	1441	1	0	0	13	15	1	0	28	5271
14.4095	1	0	1	1	1441	1	1	7	6	14	1	0	28	2433
14.504	1	0	1	1	1450	6	0	12	1	15	1	0	28	403
14.509	1	0	1	1	1451	1	0	0	13	15	1	0	28	5271
14.5095	1	0	1	1	1451	1	1	7	6	14	1	0	28	2433
14.604	1	0	1	1	1460	6	0	12	1	15	1	0	28	403
14.609	1	0	1	1	1461	1	0	0	13	15	1	0	28	5271
14.6095	1	0	1	1	1461	1	1	7	6	14	1	0	28	2433
14.704	1	0	1	1	1470	6	0	12	1	15	1	0	28	403
14.709	1	0	1	1	1471	1	0	0	13	15	1	0	28	5271
14.7095	1	0	1	1	1471	1	1	7	6	14	1	0	28	2433
14.804	1	0	1	1	1480	6	0	12	1	15	1	0	28	403
14.809	1	0	1	1	1481	1	0	0	13	15	1	0	28	5271
14.8095	1	0	1	1	1481	1	1	7	6	14	1	0	28	2433
14.904	1	0	1	1	1490	6	0	12	1	15	1	0	28	403
14.909	1	0	1	1	1491	1	0	0	13	15	1	0	28	5271
14.9095	1	0	1	1	1491	1	1	7	6	14	1	0	28	2433
15.004	1	0	1	1	1500	6	0	12	1	15	1	0	28	403
15.009	1	0	1	1	1501	1	0	0	13	15	1	0	28	5271
15.0095	1	0	1	1	1501	1	1	7	6	14	1	0	28	2433
15.104	1	0	1	1	1510	6	0	12	1	15	1	0	28	403
15.109	1	0	1	1	1511	1	0	0	13	15	1	0	28	5271
15.1095	1	0	1	1	1511	1	1	7	6	14	1	0	28	2433
15.204	1	0	1	1	1520	6	0	12	1	15	1	0	28	403
15.209	1	0	1	1	1521	1	0	0	13	15	1	0	28	5271
15.2095	1	0	1	1	1521	1	1	7	6	14	1	0	28	2433
15.304	1	0	1	1	1530	6	0	12	1	15	1	0	28	403
15.309	1	0	1	1	1531	1	0	0	13	15	1	0	28	5271
15.3095	1	0	1	1	1531	1	1	7	6	14	1	0	28	2433
15.404	1	0	1	1	1540	6	0	12	1	15	1	0	28	403
15.409	1	0	1	1	1541	1	0	0	13	15	1	0	28	5271
15.4095	1	0	1	1	1541	1	1	7	6	14	1	0	28	2433
15.504	1	0	1	1	1550	6	0	12	1	15	1	0	28	403
15.509	1	0	1	1	1551	1	0	0	13	15	1	0	28	5271
15.5095	1	0	1	1	1551	1	1	7	6	14	1	0	28	2433
15.604	1	0	1	1	1560	6	0	12	1	15	1	0	28	403
15.609	1	0	1	1	1561	1	0	0	13	15	1	0	28	5271
15.6095	1	0	1	1	1561	1	1	7	6	14	1	0	28	2433
15.704	1	0	1	1	1570	6	0	12	1	15	1	0	28	403
15.709	1	0	1	1	1571	1	0	0	13	15	1	0	28	5271
15.7095	1	0	1	1	1571	1	1	7	6	14	1	0	28	2433
15.804	1	0	1	1	1580	6	0	12	1	15	1	0	28	403
15.809	1	0	1	1	1581	1	0	0	13	15	1	0	28	5271
15.8095	1	0	1	1	1581	1	1	7	6	14	1	0	28	2433
15.904	1	0	1	1	1590	6	0	12	1	15	1	0	28	403
15.909	1	0	1	1	1591	1	0	0	13	15	1	0	28	5271
15.9095	1	0	1	1	1591	1	1	7	6	14	1	0	28	2433
16.004	1	0	1	1	1600	6	0	12	1	15	1	0	28	403
16.009	1	0	1	1	1601	1	0	0	13	15	1	0	28	5271
16.0095	1	0	1	1	1601	1	1	7	6	14	1	0	28	2433
16.104	1	0	1	1	1610	6	0	12	1	15	1	0	28	403
16.109	1	0	1	1	1611	1	0	0	13	15	1	0	28	5271
16.1095	1	0	1	1	1611	1	1	7	6	14	1	0	28	2433
16.204	1	0	1	1	1620	6	0	12	1	15	1	0	28	403
16.209	1	0	1	1	1621	1	0	0	13	15	1	0	28	5271
16.2095	1	0	1	1	1621	1	1	7	6	14	1	0	28	2433
16.304	1	0	1	1	1630	6	0	12	1	15	1	0	28	403
16.309	1	0	1	1	1631	1	0	0	13	15	1	0	28	5271
16.3095	1	0	1	1	1631	1	1	7	6	14	1	0	28	2433
16.404	1	0	1	1	1640	6	0	12	1	15	1	0	28	403
16.409	1	0	1	1	1641	1	0	0	13	15	1	0	28	5271
16.4095	1	0	1	1	1641	1	1	7	6	14	1	0	28	2433
16.504	1	0	1	1	1650	6	0	12	1	15	1	0	28	403
16.509	1	0	1	1	1651	1	0	0	13	15	1	0	28	5271
16.5095	1	0	1	1	1651	1	1	7	6	14	1	0	28	2433
16.604	1	0	1	1	1660	6	0	12	1	15	1	0	28	403
16.609	1	0	1	1	1661	1	0	0	13	15	1	0	28	5271
16.6095	1	0	1	1	1661	1	1	7	6	14	1	0	28	2433
16.704	1	0	1	1	1670	6	0	12	1	15	1	0	28	403
16.709	1	0	1	1	1671	1	0	0	13	15	1	0	28	5271
16.7095	1	0	1	1	1671	1	1	7	6	14	1	0	28	2433
16.804	1	0	1	1	1680	6	0	12	1	15	1	0	28	403
16.809	1	0	1	1	1681	1	0	0	13	15	1	0	28	5271
16.8095	1	0	1	1	1681	1	1	7	6	14	1	0	28	2433
16.904	1	0	1	1	1690	6	0	12	1	15	1	0	28	403
16.909	1	0	1	1	1691	1	0	0	13	15	1	0	28	5271
16.9095	1	0	1	1	1691	1	1	7	6	14	1	0	28	2433
17.004	1	0	1	1	1700	6	0	12	1	15	1	0	28	403
17.009	1	0	1	1	1701	1	0	0	13	15	1	0	28	5271
17.0095	1	0	1	1	1701	1	1	7	6	14	1	0	28	2433
17.104	1	0	1	1	1710	6	0	12	1	15	1	0	28	403
17.109	1	0	1	1	1711	1	0	0	13	15	1	0	28	5271
17.1095	1	0	1	1	1711	1	1	7	6	14	1	0	28	2433
17.204	1	0	1	1	1720	6	0	12	1	15	1	0	28	403
17.209	1	0	1	1	1721	1	0	0	13	15	1	0	28	5271
17.2095	1	0	1	1	1721	1	1	7	6	14	1	0	28	2433
17.304	1	0	1	1	1730	6	0	12	1	15	1	0	28	403
17.309	1	0	1	1	1731	1	0	0	13	15	1	0	28	5271
17.3095	1	0	1	1	1731	1	1	7	6	14	1	0	28	2433
17.404	1	0	1	1	1740	6	0	12	1	15	1	0	28	403
17.409	1	0	1	1	1741	1	0	0	13	15	1	0	28	5271
17.4095	1	0	1	1	1741	1	1	7	6	14	1	0	28	2433
17.504	1	0	1	1	1750	6	0	12	1	15	1	0	28	403
17.509	1	0	1	1	1751	1	0	0	13	15	1	0	28	5271
17.5095	1	0	1	1	1751	1	1	7	6	14	1	0	28	2433
17.604	1	0	1	1	1760	6	0	12	1	15	1	0	28	403
17.609	1	0	1	1	1761	1	0	0	13	15	1	0	28	5271
17.6095	1	0	1	1	1761	1	1	7	6	14	1	0	28	2433
17.704	1	0	1	1	1770	6	0	12	1	15	1	0	28	403
17.709	1	0	1	1	1771	1	0	0	13	15	1	0	28	5271
17.7095	1	0	1	1	1771	1	1	7	6	14	1	0	28	2433
17.804	1	0	1	1	1780	6	0	12	1	15	1	0	28	403
17.809	1	0	1	1	1781	1	0	0	13	15	1	0	28	5271
17.8095	1	0	1	1	1781	1	1	7	6	14	1	0	28	2433
17.904	1	0	1	1	1790	6	0	12	1	15	1	0	28	403
17.909	1	0	1	1	1791	1	0	0	13	15	1	0	28	5271
17.9095	1	0	1	1	1791	1	1	7	6	14	1	0	28	2433
18.004	1	0	1	1	1800	6	0	12	1	15	1	0	28	403
18.009	1	0	1	1	1801	1	0	0	13	15	1	0	28	5271
18.0095	1	0	1	1	1801	1	1	7	6	14	1	0	28	2433
18.104	1	0	1	1	1810	6	0	12	1	15	1	0	28	403
18.109	1	0	1	1	1811	1	0	0	13	15	1	0	28	5271
18.1095	1	0	1	1	1811	1	1	7	6	14	1	0	28	2433
18.204	1	0	1	1	1820	6	0	12	1	15	1	0	28	403
18.209	1	0	1	1	1821	1	0	0	13	15	1	0	28	5271
18.2095	1	0	1	1	1821	1	1	7	6	14	1	0	28	2433
18.304	1	0	1	1	1830	6	0	12	1	15	1	0	28	403
18.309	1	0	1	1	1831	1	0	0	13	15	1	0	28	5271
18.3095	1	0	1	1	1831	1	1	7	6	14	1	0	28	2433
18.404	1	0	1	1	1840	6	0	12	1	15	1	0	28	403
18.409	1	0	1	1	1841	1	0	0	13	15	1	0	28	5271
18.4095	1	0	1	1	1841	1	1	7	6	14	1	0	28	2433
18.504	1	0	1	1	1850	6	0	12	1	15	1	0	28	403
18.509	1	0	1	1	1851	1	0	0	13	15	1	0	28	5271
18.5095	1	0	1	1	1851	1	1	7	6	14	1	0	28	2433
18.604	1	0	1	1	1860	6	0	12	1	15	1	0	28	403
18.609	1	0	1	1	1861	1	0	0	13	15	1	0	28	5271
18.6095	1	0	1	1	1861	1	1	7	6	14	1	0	28	2433
18.704	1	0	1	1	1870	6	0	12	1	15	1	0	28	403
18.709	1	0	1	1	1871	1	0	0	13	15	1	0	28	5271
18.7095	1	0	1	1	1871	1	1	7	6	14	1	0	28	2433
18.804	1	0	1	1	1880	6	0	12	1	15	1	0	28	403
18.809	1	0	1	1	1881	1	0	0	13	15	1	0	28	5271
18.8095	1	0	1	1	1881	1	1	7	6	14	1	0	28	2433
18.904	1	0	1	1	1890	6	0	12	1	15	1	0	28	403
18.909	1	0	1	1	1891	1	0	0	13	15	1	0	28	5271
18.9095	1	0	1	1	1891	1	1	7	6	14	1	0	28	2433
19.004	1	0	1	1	1900	6	0	12	1	15	1	0	28	403
19.009	1	0	1	1	1901	1	0	0	13	15	1	0	28	5271
19.0095	1	0	1	1	1901	1	1	7	6	14	1	0	28	2433
19.104	1	0	1	1	1910	6	0	12	1	15	1	0	28	403
19.109	1	0	1	1	1911	1	0	0	13	15	1	0	28	5271
19.1095	1	0	1	1	1911	1	1	7	6	14	1	0	28	2433
19.204	1	0	1	1	1920	6	0	12	1	15	1	0	28	403
19.209	1	0	1	1	1921	1	0	0	13	15	1	0	28	5271
19.2095	1	0	1	1	1921	1	1	7	6	14	1	0	28	2433
19.304	1	0	1	1	1930	6	0	12	1	15	1	0	28	403
19.309	1	0	1	1	1931	1	0	0	13	15	1	0	28	5271
19.3095	1	0	1	1	1931	1	1	7	6	14	1	0	28	2433
19.404	1	0	1	1	1940	6	0	12	1	15	1	0	28	403
19.409	1	0	1	1	1941	1	0	0	13	15	1	0	28	5271
19.4095	1	0	1	1	1941	1	1	7	6	14	1	0	28	2433
19.504	1	0	1	1	1950	6	0	12	1	15	1	0	28	403
19.509	1	0	1	1	1951	1	0	0	13	15	1	0	28	5271
19.5095	1	0	1	1	1951	1	1	7	6	14	1	0	28	2433
19.604	1	0	1	1	1960	6	0	12	1	15	1	0	28	403
19.609	1	0	1	1	1961	1	0	0	13	15	1	0	28	5271
19.6095	1	0	1	1	1961	1	1	7	6	14	1	0	28	2433
19.704	1	0	1	1	1970	6	0	12	1	15	1	0	28	403
19.709	1	0	1	1	1971	1	0	0	13	15	1	0	28	5271
19.7095	1	0	1	1	1971	1	1	7	6	14	1	0	28	2433
19.804	1	0	1	1	1980	6	0	12	1	15	1	0	28	403
19.809	1	0	1	1	1981	1	0	0	13	15	1	0	28	5271
19.8095	1	0	1	1	1981	1	1	7	6	14	1	0	28	2433
19.904	1	0	1	1	1990	6	0	12	1	15	1	0	28	403
19.909	1	0	1	1	1991	1	0	0	13	15	1	0	28	5271
19.9095	1	0	1	1	1991	1	1	7	6	14	1	0	28	2433
20.004	1	0	1	1	2000	6	0	12	1	15	1	0	28	403
20.009	1	0	1	1	2001	1	0	0	13	15	1	0	28	5271
20.0095	1	0	1	1	2001	1	1	7	6	14	1	0	28	2433
20.104	1	0	1	1	2010	6	0	12	1	15	1	0	28	403
20.109	1	0	1	1	2011	1	0	0	13	15	1	0	28	5271
20.1095	1	0	1	1	2011	1	1	7	6	14	1	0	28	2433
20.204	1	0	1	1	2020	6	0	12	1	15	1	0	28	403
20.209	1	0	1	1	2021	1	0	0	13	15	1	0	28	5271
20.2095	1	0	1	1	2021	1	1	7	6	14	1	0	28	2433
20.304	1	0	1	1	2030	6	0	12	1	15	1	0	28	403
20.309	1	0	1	1	2031	1	0	0	13	15	1	0	28	5271
20.3095	1	0	1	1	2031	1	1	7	6	14	1	0	28	2433
20.404	1	0	1	1	2040	6	0	12	1	15	1	0	28	403
20.409	1	0	1	1	2041	1	0	0	13	15	1	0	28	5271
20.4095	1	0	1	1	2041	1	1	7	6	14	1	0	28	2433
20.504	1	0	1	1	2050	6	0	12	1	15	1	0	28	403
20.509	1	0	1	1	2051	1	0	0	13	15	1	0	28	5271
20.5095	1	0	1	1	2051	1	1	7	6	14	1	0	28	2433
20.604	1	0	1	1	2060	6	0	12	1	15	1	0	28	403
20.609	1	0	1	1	2061	1	0	0	13	15	1	0	28	5271
20.6095	1	0	1	1	2061	1	1	7	6	14	1	0	28	2433
20.704	1	0	1	1	2070	6	0	12	1	15	1	0	28	403
20.709	1	0	1	1	2071	1	0	0	13	15	1	0	28	5271
20.7095	1	0	1	1	2071	1	1	7	6	14	1	0	28	2433
20.804	1	0	1	1	2080	6	0	12	1	15	1	0	28	403
20.809	1	0	1	1	2081	1	0	0	13	15	1	0	28	5271
20.8095	1	0	1	1	2081	1	1	7	6	14	1	0	28	2433
20.904	1	0	1	1	2090	6	0	12	1	15	1	0	28	403
20.909	1	0	1	1	2091	1	0	0	13	15	1	0	28	5271
20.9095	1	0	1	1	2091	1	1	7	6	14	1	0	28	2433
21.004	1	0	1	1	2100	6	0	12	1	15	1	0	28	403
21.009	1	0	1	1	2101	1	0	0	13	15	1	0	28	5271
21.0095	1	0	1	1	2101	1	1	7	6	14	1	0	28	2433
21.104	1	0	1	1	2110	6	0	12	1	15	1	0	28	403
21.109	1	0	1	1	2111	1	0	0	13	15	1	0	28	5271
21.1095	1	0	1	1	2111	1	1	7	6	14	1	0	28	2433
21.204	1	0	1	1	2120	6	0	12	1	15	1	0	28	403
21.209	1	0	1	1	2121	1	0	0	13	15	1	0	28	5271
21.2095	1	0	1	1	2121	1	1	7	6	14	1	0	28	2433
21.304	1	0	1	1	2130	6	0	12	1	15	1	0	28	403
21.309	1	0	1	1	2131	1	0	0	13	15	1	0	28	5271
21.3095	1	0	1	1	2131	1	1	7	6	14	1	0	28	2433
21.404	1	0	1	1	2140	6	0	12	1	15	1	0	28	403
21.409	1	0	1	1	2141	1	0	0	13	15	1	0	28	5271
21.4095	1	0	1	1	2141	1	1	7	6	14	1	0	28	2433
21.504	1	0	1	1	2150	6	0	12	1	15	1	0	28	403
21.509	1	0	1	1	2151	1	0	0	13	15	1	0	28	5271
21.5095	1	0	1	1	2151	1	1	7	6	14	1	0	28	2433
21.604	1	0	1	1	2160	6	0	12	1	15	1	0	28	403
21.609	1	0	1	1	2161	1	0	0	13	15	1	0	28	5271
21.6095	1	0	1	1	2161	1	1	7	6	14	1	0	28	2433
21.704	1	0	1	1	2170	6	0	12	1	15	1	0	28	403
21.709	1	0	1	1	2171	1	0	0	13	15	1	0	28	5271
21.7095	1	0	1	1	2171	1	1	7	6	14	1	0	28	2433
21.804	1	0	1	1	2180	6	0	12	1	15	1	0	28	403
21.809	1	0	1	1	2181	1	0	0	13	15	1	0	28	5271
21.8095	1	0	1	1	2181	1	1	7	6	14	1	0	28	2433
21.904	1	0	1	1	2190	6	0	12	1	15	1	0	28	403
21.909	1	0	1	1	2191	1	0	0	13	15	1	0	28	5271
21.9095	1	0	1	1	2191	1	1	7	6	14	1	0	28	2433
22.004	1	0	1	1	2200	6	0	12	1	15	1	0	28	403
22.009	1	0	1	1	2201	1	0	0	13	15	1	0	28	5271
22.0095	1	0	1	1	2201	1	1	7	6	14	1	0	28	2433
22.104	1	0	1	1	2210	6	0	12	1	15	1	0	28	403
22.109	1	0	1	1	2211	1	0	0	13	15	1	0	28	5271
22.1095	1	0	1	1	2211	1	1	7	6	14	1	0	28	2433
22.204	1	0	1	1	2220	6	0	12	1	15	1	0	28	403
22.209	1	0	1	1	2221	1	0	0	13	15	1	0	28	5271
22.2095	1	0	1	1	2221	1	1	7	6	14	1	0	28	2433
22.304	1	0	1	1	2230	6	0	12	1	15	1	0	28	403
22.309	1	0	1	1	2231	1	0	0	13	15	1	0	28	5271
22.3095	1	0	1	1	2231	1	1	7	6	14	1	0	28	2433
22.404	1	0	1	1	2240	6	0	12	1	15	1	0	28	403
22.409	1	0	1	1	2241	1	0	0	13	15	1	0	28	5271
22.4095	1	0	1	1	2241	1	1	7	6	14	1	0	28	2433
22.504	1	0	1	1	2250	6	0	12	1	15	1	0	28	403
22.509	1	0	1	1	2251	1	0	0	13	15	1	0	28	5271
22.5095	1	0	1	1	2251	1	1	7	6	14	1	0	28	2433
22.604	1	0	1	1	2260	6	0	12	1	15	1	0	28	403
22.609	1	0	1	1	2261	1	0	0	13	15	1	0	28	5271
22.6095	1	0	1	1	2261	1	1	7	6	14	1	0	28	2433
22.704	1	0	1	1	2270	6	0	12	1	15	1	0	28	403
22.709	1	0	1	1	2271	1	0	0	13	15	1	0	28	5271
22.7095	1	0	1	1	2271	1	1	7	6	14	1	0	28	2433
22.804	1	0	1	1	2280	6	0	12	1	15	1	0	28	403
22.809	1	0	1	1	2281	1	0	0	13	15	1	0	28	5271
22.8095	1	0	1	1	2281	1	1	7	6	14	1	0	28	2433
22.904	1	0	1	1	2290	6	0	12	1	15	1	0	28	403
22.909	1	0	1	1	2291	1	0	0	13	15	1	0	28	5271
22.9095	1	0	1	1	2291	1	1	7	6	14	1	0	28	2433
23.004	1	0	1	1	2300	6	0	12	1	15	1	0	28	403
23.009	1	0	1	1	2301	1	0	0	13	15	1	0	28	5271
23.0095	1	0	1	1	2301	1	1	7	6	14	1	0	28	2433
23.104	1	0	1	1	2310	6	0	12	1	15	1	0	28	403
23.109	1	0	1	1	2311	1	0	0	13	15	1	0	28	5271
23.1095	1	0	1	1	2311	1	1	7	6	14	1	0	28	2433
23.204	1	0	1	1	2320	6	0	12	1	15	1	0	28	403
23.209	1	0	1	1	2321	1	0	0	13	15	1	0	28	5271
23.2095	1	0	1	1	2321	1	1	7	6	14	1	0	28	2433
23.304	1	0	1	1	2330	6	0	12	1	15	1	0	28	403
23.309	1	0	1	1	2331	1	0	0	13	15	1	0	28	5271
23.3095	1	0	1	1	2331	1	1	7	6	14	1	0	28	2433
23.404	1	0	1	1	2340	6	0	12	1	15	1	0	28	403
23.409	1	0	1	1	2341	1	0	0	13	15	1	0	28	5271
23.4095	1	0	1	1	2341	1	1	7	6	14	1	0	28	2433
23.504	1	0	1	1	2350	6	0	12	1	15	1	0	28	403
23.509	1	0	1	1	2351	1	0	0	13	15	1	0	28	5271
23.5095	1	0	1	1	2351	1	1	7	6	14	1	0	28	2433
23.604	1	0	1	1	2360	6	0	12	1	15	1	0	28	403
23.609	1	0	1	1	2361	1	0	0	13	15	1	0	28	5271
23.6095	1	0	1	1	2361	1	1	7	6	14	1	0	28	2433
23.704	1	0	1	1	2370	6	0	12	1	15	1	0	28	403
23.709	1	0	1	1	2371	1	0	0	13	15	1	0	28	5271
23.7095	1	0	1	1	2371	1	1	7	6	14	1	0	28	2433
23.804	1	0	1	1	2380	6	0	12	1	15	1	0	28	403
23.809	1	0	1	1	2381	1	0	0	13	15	1	0	28	5271
23.8095	1	0	1	1	2381	1	1	7	6	14	1	0	28	2433
23.904	1	0	1	1	2390	6	0	12	1	15	1	0	28	403
23.909	1	0	1	1	2391	1	0	0	13	15	1	0	28	5271
23.9095	1	0	1	1	2391	1	1	7	6	14	1	0	28	2433
24.004	1	0	1	1	2400	6	0	12	1	15	1	0	28	403
24.009	1	0	1	1	2401	1	0	0	13	15	1	0	28	5271
24.0095	1	0	1	1	2401	1	1	7	6	14	1	0	28	2433
24.104	1	0	1	1	2410	6	0	12	1	15	1	0	28	403
24.109	1	0	1	1	2411	1	0	0	13	15	1	0	28	5271
24.1095	1	0	1	1	2411	1	1	7	6	14	1	0	28	2433
24.204	1	0	1	1	2420	6	0	12	1	15	1	0	28	403
24.209	1	0	1	1	2421	1	0	0	13	15	1	0	28	5271
24.2095	1	0	1	1	2421	1	1	7	6	14	1	0	28	2433
24.304	1	0	1	1	2430	6	0	12	1	15	1	0	28	403
24.309	1	0	1	1	2431	1	0	0	13	15	1	0	28	5271
24.3095	1	0	1	1	2431	1	1	7	6	14	1	0	28	2433
24.404	1	0	1	1	2440	6	0	12	1	15	1	0	28	403
24.409	1	0	1	1	2441	1	0	0	13	15	1	0	28	5271
24.4095	1	0	1	1	2441	1	1	7	6	14	1	0	28	2433
24.504	1	0	1	1	2450	6	0	12	1	15	1	0	28	403
24.509	1	0	1	1	2451	1	0	0	13	15	1	0	28	5271
24.5095	1	0	1	1	2451	1	1	7	6	14	1	0	28	2433
24.604	1	0	1	1	2460	6	0	12	1	15	1	0	28	403
24.609	1	0	1	1	2461	1	0	0	13	15	1	0	28	5271
24.6095	1	0	1	1	2461	1	1	7	6	14	1	0	28	2433
24.704	1	0	1	1	2470	6	0	12	1	15	1	0	28	403
24.709	1	0	1	1	2471	1	0	0	13	15	1	0	28	5271
24.7095	1	0	1	1	2471	1	1	7	6	14	1	0	28	2433
24.804	1	0	1	1	2480	6	0	12	1	15	1	0	28	403
24.809	1	0	1	1	2481	1	0	0	13	15	1	0	28	5271
24.8095	1	0	1	1	2481	1	1	7	6	14	1	0	28	2433
24.904	1	0	1	1	2490	6	0	12	1	15	1	0	28	403
24.909	1	0	1	1	2491	1	0	0	13	15	1	0	28	5271
24.9095	1	0	1	1	2491	1	1	7	6	14	1	0	28	2433
25.004	1	0	1	1	2500	6	0	12	1	15	1	0	28	403
25.009	1	0	1	1	2501	1	0	0	13	15	1	0	28	5271
25.0095	1	0	1	1	2501	1	1	7	6	14	1	0	28	2433
25.104	1	0	1	1	2510	6	0	12	1	15	1	0	28	403
25.109	1	0	1	1	2511	1	0	0	13	15	1	0	28	5271
25.1095	1	0	1	1	2511	1	1	7	6	14	1	0	28	2433
25.204	1	0	1	1	2520	6	0	12	1	15	1	0	28	403
25.209	1	0	1	1	2521	1	0	0	13	15	1	0	28	5271
25.2095	1	0	1	1	2521	1	1	7	6	14	1	0	28	2433
25.304	1	0	1	1	2530	6	0	12	1	15	1	0	28	403
25.309	1	0	1	1	2531	1	0	0	13	15	1	0	28	5271
25.3095	1	0	1	1	2531	1	1	7	6	14	1	0	28	2433
25.404	1	0	1	1	2540	6	0	12	1	15	1	0	28	403
25.409	1	0	1	1	2541	1	0	0	13	15	1	0	28	5271
25.4095	1	0	1	1	2541	1	1	7	6	14	1	0	28	2433
25.504	1	0	1	1	2550	6	0	12	1	15	1	0	28	403
25.509	1	0	1	1	2551	1	0	0	13	15	1	0	28	5271
25.5095	1	0	1	1	2551	1	1	7	6	14	1	0	28	2433
25.604	1	0	1	1	2560	6	0	12	1	15	1	0	28	403
25.609	1	0	1	1	2561	1	0	0	13	15	1	0	28	5271
25.6095	1	0	1	1	2561	1	1	7	6	14	1	0	28	2433
25.704	1	0	1	1	2570	6	0	12	1	15	1	0	28	403
25.709	1	0	1	1	2571	1	0	0	13	15	1	0	28	5271
25.7095	1	0	1	1	2571	1	1	7	6	14	1	0	28	2433
25.804	1	0	1	1	2580	6	0	12	1	15	1	0	28	403
25.809	1	0	1	1	2581	1	0	0	13	15	1	0	28	5271
25.8095	1	0	1	1	2581	1	1	7	6	14	1	0	28	2433
25.904	1	0	1	1	2590	6	0	12	1	15	1	0	28	403
25.909	1	0	1	1	2591	1	0	0	13	15	1	0	28	5271
25.9095	1	0	1	1	2591	1	1	7	6	14	1	0	28	2433
26.004	1	0	1	1	2600	6	0	12	1	15	1	0	28	403
26.009	1	0	1	1	2601	1	0	0	13	15	1	0	28	5271
26.0095	1	0	1	1	2601	1	1	7	6	14	1	0	28	2433
26.104	1	0	1	1	2610	6	0	12	1	15	1	0	28	403
26.109	1	0	1	1	2611	1	0	0	13	15	1	0	28	5271
26.1095	1	0	1	1	2611	1	1	7	6	14	1	0	28	2433
26.204	1	0	1	1	2620	6	0	12	1	15	1	0	28	403
26.209	1	0	1	1	2621	1	0	0	13	15	1	0	28	5271
26.2095	1	0	1	1	2621	1	1	7	6	14	1	0	28	2433
26.304	1	0	1	1	2630	6	0	12	1	15	1	0	28	403
26.309	1	0	1	1	2631	1	0	0	13	15	1	0	28	5271
26.3095	1	0	1	1	2631	1	1	7	6	14	1	0	28	2433
26.404	1	0	1	1	2640	6	0	12	1	15	1	0	28	403
26.409	1	0	1	1	2641	1	0	0	13	15	1	0	28	5271
26.4095	1	0	1	1	2641	1	1	7	6	14	1	0	28	2433
26.504	1	0	1	1	2650	6	0	12	1	15	1	0	28	403
26.509	1	0	1	1	2651	1	0	0	13	15	1	0	28	5271
26.5095	1	0	1	1	2651	1	1	7	6	14	1	0	28	2433
26.604	1	0	1	1	2660	6	0	12	1	15	1	0	28	403
26.609	1	0	1	1	2661	1	0	0	13	15	1	0	28	5271
26.6095	1	0	1	1	2661	1	1	7	6	14	1	0	28	2433
26.704	1	0	1	1	2670	6	0	12	1	15	1	0	28	403
26.709	1	0	1	1	2671	1	0	0	13	15	1	0	28	5271
26.7095	1	0	1	1	2671	1	1	7	6	14	1	0	28	2433
26.804	1	0	1	1	2680	6	0	12	1	15	1	0	28	403
26.809	1	0	1	1	2681	1	0	0	13	15	1	0	28	5271
26.8095	1	0	1	1	2681	1	1	7	6	14	1	0	28	2433
26.904	1	0	1	1	2690	6	0	12	1	15	1	0	28	403
26.909	1	0	1	1	2691	1	0	0	13	15	1	0	28	5271
26.9095	1	0	1	1	2691	1	1	7	6	14	1	0	28	2433
27.004	1	0	1	1	2700	6	0	12	1	15	1	0	28	403
27.009	1	0	1	1	2701	1	0	0	13	15	1	0	28	5271
27.0095	1	0	1	1	2701	1	1	7	6	14	1	0	28	2433
27.104	1	0	1	1	2710	6	0	12	1	15	1	0	28	403
27.109	1	0	1	1	2711	1	0	0	13	15	1	0	28	5271
27.1095	1	0	1	1	2711	1	1	7	6	14	1	0	28	2433
27.204	1	0	1	1	2720	6	0	12	1	15	1	0	28	403
27.209	1	0	1	1	2721	1	0	0	13	15	1	0	28	5271
27.2095	1	0	1	1	2721	1	1	7	6	14	1	0	28	2433
27.304	1	0	1	1	2730	6	0	12	1	15	1	0	28	403
27.309	1	0	1	1	2731	1	0	0	13	15	1	0	28	5271
27.3095	1	0	1	1	2731	1	1	7	6	14	1	0	28	2433
27.404	1	0	1	1	2740	6	0	12	1	15	1	0	28	403
27.409	1	0	1	1	2741	1	0	0	13	15	1	0	28	5271
27.4095	1	0	1	1	2741	1	1	7	6	14	1	0	28	2433
27.504	1	0	1	1	2750	6	0	12	1	15	1	0	28	403
27.509	1	0	1	1	2751	1	0	0	13	15	1	0	28	5271
27.5095	1	0	1	1	2751	1	1	7	6	14	1	0	28	2433
27.604	1	0	1	1	2760	6	0	12	1	15	1	0	28	403
27.609	1	0	1	1	2761	1	0	0	13	15	1	0	28	5271
27.6095	1	0	1	1	2761	1	1	7	6	14	1	0	28	2433
27.704	1	0	1	1	2770	6	0	12	1	15	1	0	28	403
27.709	1	0	1	1	2771	1	0	0	13	15	1	0	28	5271
27.7095	1	0	1	1	2771	1	1	7	6	14	1	0	28	2433
27.804	1	0	1	1	2780	6	0	12	1	15	1	0	28	403
27.809	1	0	1	1	2781	1	0	0	13	15	1	0	28	5271
27.8095	1	0	1	1	2781	1	1	7	6	14	1	0	28	2433
27.904	1	0	1	1	2790	6	0	12	1	15	1	0	28	403
27.909	1	0	1	1	2791	1	0	0	13	15	1	0	28	5271
27.9095	1	0	1	1	2791	1	1	7	6	14	1	0	28	2433
28.004	1	0	1	1	2800	6	0	12	1	15	1	0	28	403
28.009	1	0	1	1	2801	1	0	0	13	15	1	0	28	5271
28.0095	1	0	1	1	2801	1	1	7	6	14	1	0	28	2433
28.104	1	0	1	1	2810	6	0	12	1	15	1	0	28	403
28.109	1	0	1	1	2811	1	0	0	13	15	1	0	28	5271
28.1095	1	0	1	1	2811	1	1	7	6	14	1	0	28	2433
28.204	1	0	1	1	2820	6	0	12	1	15	1	0	28	403
28.209	1	0	1	1	2821	1	0	0	13	15	1	0	28	5271
28.2095	1	0	1	1	2821	1	1	7	6	14	1	0	28	2433
28.304	1	0	1	1	2830	6	0	12	1	15	1	0	28	403
28.309	1	0	1	1	2831	1	0	0	13	15	1	0	28	5271
28.3095	1	0	1	1	2831	1	1	7	6	14	1	0	28	2433
28.404	1	0	1	1	2840	6	0	12	1	15	1	0	28	403
28.409	1	0	1	1	2841	1	0	0	13	15	1	0	28	5271
28.4095	1	0	1	1	2841	1	1	7	6	14	1	0	28	2433
28.504	1	0	1	1	2850	6	0	12	1	15	1	0	28	403
28.509	1	0	1	1	2851	1	0	0	13	15	1	0	28	5271
28.5095	1	0	1	1	2851	1	1	7	6	14	1	0	28	2433
28.604	1	0	1	1	2860	6	0	12	1	15	1	0	28	403
28.609	1	0	1	1	2861	1	0	0	13	15	1	0	28	5271
28.6095	1	0	1	1	2861	1	1	7	6	14	1	0	28	2433
28.704	1	0	1	1	2870	6	0	12	1	15	1	0	28	403
28.709	1	0	1	1	2871	1	0	0	13	15	1	0	28	5271
28.7095	1	0	1	1	2871	1	1	7	6	14	1	0	28	2433
28.804	1	0	1	1	2880	6	0	12	1	15	1	0	28	403
28.809	1	0	1	1	2881	1	0	0	13	15	1	0	28	5271
28.8095	1	0	1	1	2881	1	1	7	6	14	1	0	28	2433
28.904	1	0	1	1	2890	6	0	12	1	15	1	0	28	403
28.909	1	0	1	1	2891	1	0	0	13	15	1	0	28	5271
28.9095	1	0	1	1	2891	1	1	7	6	14	1	0	28	2433
29.004	1	0	1	1	2900	6	0	12	1	15	1	0	28	403
29.009	1	0	1	1	2901	1	0	0	13	15	1	0	28	5271
29.0095	1	0	1	1	2901	1	1	7	6	14	1	0	28	2433
29.104	1	0	1	1	2910	6	0	12	1	15	1	0	28	403
29.109	1	0	1	1	2911	1	0	0	13	15	1	0	28	5271
29.1095	1	0	1	1	2911	1	1	7	6	14	1	0	28	2433
29.204	1	0	1	1	2920	6	0	12	1	15	1	0	28	403
29.209	1	0	1	1	2921	1	0	0	13	15	1	0	28	5271
29.2095	1	0	1	1	2921	1	1	7	6	14	1	0	28	2433
29.304	1	0	1	1	2930	6	0	12	1	15	1	0	28	403
29.309	1	0	1	1	2931	1	0	0	13	15	1	0	28	5271
29.3095	1	0	1	1	2931	1	1	7	6	14	1	0	28	2433
29.404	1	0	1	1	2940	6	0	12	1	15	1	0	28	403
29.409	1	0	1	1	2941	1	0	0	13	15	1	0	28	5271
29.4095	1	0	1	1	2941	1	1	7	6	14	1	0	28	2433
29.504	1	0	1	1	2950	6	0	12	1	15	1	0	28	403
29.509	1	0	1	1	2951	1	0	0	13	15	1	0	28	5271
29.5095	1	0	1	1	2951	1	1	7	6	14	1	0	28	2433
29.604	1	0	1	1	2960	6	0	12	1	15	1	0	28	403
29.609	1	0	1	1	2961	1	0	0	13	15	1	0	28	5271
29.6095	1	0	1	1	2961	1	1	7	6	14	1	0	28	2433
29.704	1	0	1	1	2970	6	0	12	1	15	1	0	28	403
29.709	1	0	1	1	2971	1	0	0	13	15	1	0	28	5271
29.7095	1	0	1	1	2971	1	1	7	6	14	1	0	28	2433
29.804	1	0	1	1	2980	6	0	12	1	15	1	0	28	403
29.809	1	0	1	1	2981	1	0	0	13	15	1	0	28	5271
29.8095	1	0	1	1	2981	1	1	7	6	14	1	0	28	2433
29.904	1	0	1	1	2990	6	0	12	1	15	1	0	28	403
29.909	1	0	1	1	2991	1	0	0	13	15	1	0	28	5271
29.9095	1	0	1	1	2991	1	1	7	6	14	1	0	28	2433
30.004	1	0	1	1	3000	6	0	12	1	15	1	0	28	403
30.009	1	0	1	1	3001	1	0	0	13	15	1	0	28	5271
30.0095	1	0	1	1	3001	1	1	7	6	14	1	0	28	2433
30.104	1	0	1	1	3010	6	0	12	1	15	1	0	28	403
30.109	1	0	1	1	3011	1	0	0	13	15	1	0	28	5271
30.1095	1	0	1	1	3011	1	1	7	6	14	1	0	28	2433
30.204	1	0	1	1	3020	6	0	12	1	15	1	0	28	403
30.209	1	0	1	1	3021	1	0	0	13	15	1	0	28	5271
30.2095	1	0	1	1	3021	1	1	7	6	14	1	0	28	2433
30.304	1	0	1	1	3030	6	0	12	1	15	1	0	28	403
30.309	1	0	1	1	3031	1	0	0	13	15	1	0	28	5271
30.3095	1	0	1	1	3031	1	1	7	6	14	1	0	28	2433
30.404	1	0	1	1	3040	6	0	12	1	15	1	0	28	403
30.409	1	0	1	1	3041	1	0	0	13	15	1	0	28	5271
30.4095	1	0	1	1	3041	1	1	7	6	14	1	0	28	2433
30.504	1	0	1	1	3050	6	0	12	1	15	1	0	28	403
30.509	1	0	1	1	3051	1	0	0	13	15	1	0	28	5271
30.5095	1	0	1	1	3051	1	1	7	6	14	1	0	28	2433
30.604	1	0	1	1	3060	6	0	12	1	15	1	0	28	403
30.609	1	0	1	1	3061	1	0	0	13	15	1	0	28	5271
30.6095	1	0	1	1	3061	1	1	7	6	14	1	0	28	2433
30.704	1	0	1	1	3070	6	0	12	1	15	1	0	28	403
30.709	1	0	1	1	3071	1	0	0	13	15	1	0	28	5271
30.7095	1	0	1	1	3071	1	1	7	6	14	1	0	28	2433
30.804	1	0	1	1	3080	6	0	12	1	15	1	0	28	403
30.809	1	0	1	1	3081	1	0	0	13	15	1	0	28	5271
30.8095	1	0	1	1	3081	1	1	7	6	14	1	0	28	2433
30.904	1	0	1	1	3090	6	0	12	1	15	1	0	28	403
30.909	1	0	1	1	3091	1	0	0	13	15	1	0	28	5271
30.9095	1	0	1	1	3091	1	1	7	6	14	1	0	28	2433
31.004	1	0	1	1	3100	6	0	12	1	15	1	0	28	403
31.009	1	0	1	1	3101	1	0	0	13	15	1	0	28	5271
31.0095	1	0	1	1	3101	1	1	7	6	14	1	0	28	2433
31.104	1	0	1	1	3110	6	0	12	1	15	1	0	28	403
31.109	1	0	1	1	3111	1	0	0	13	15	1	0	28	5271
31.1095	1	0	1	1	3111	1	1	7	6	14	1	0	28	2433
31.204	1	0	1	1	3120	6	0	12	1	15	1	0	28	403
31.209	1	0	1	1	3121	1	0	0	13	15	1	0	28	5271
31.2095	1	0	1	1	3121	1	1	7	6	14	1	0	28	2433
31.304	1	0	1	1	3130	6	0	12	1	15	1	0	28	403
31.309	1	0	1	1	3131	1	0	0	13	15	1	0	28	5271
