distanceStepSize=10
seed=1
Throughput: 60195.7
Latency: 0.0120651
SINR: 30177.2 29986.2 30382.4 31768.4 28876.8 30292.5 29216.5 31750.3 28896 30894.3 28624.9 32133.1 29031.7 31849.4 29528.4 31664.9 29938.1 32571.2 30652.6 31599.4 30644.5 32167.5 32381.3 30722.8 31290.7 31324.2 32724.2 30079.7 31794.9 29682 32749 29152.4 31738.8 29119 31607.4 28620.2 31844.7 28854.6 30837.3 28770.1 31194 30084.9 30065.9 29410.3 31025 31268.2 29780.3 31037 30216.3 32770 29733.5 32223 30187.3 
MCS: 28
TBLER: 0
----------------------------------------
seed=2
Throughput: 60195.7
Latency: 0.0120651
SINR: 55911.2 35711.4 36494.4 31012 37705 41358.2 32391.4 41021.2 29712.1 31250.8 40404.8 35682.6 56858.5 34949.3 37972.2 34591.9 50812 41539.9 40825.5 29193.4 27210.8 43816.8 37240.1 41704.1 46196.6 29231.3 47745.9 35095.4 51128.7 52227.1 42274.6 33254 29228.6 41744.5 40895.5 52259.2 30733.9 35243.9 43044.9 44871.8 54808.1 43285.2 42692.4 43423.2 38413.8 47998 35834.1 50805.3 29783.2 38494.5 39891.4 50506.3 57520 
MCS: 28
TBLER: 0
----------------------------------------
seed=3
Throughput: 60195.7
Latency: 0.0120651
SINR: 34011.1 34293.9 34272 34130.6 34172.4 34542.6 35092.2 35504.2 35571.8 35380.5 35231.9 35375.3 35784.4 36178.6 36269.8 36017.2 35663.1 35519.7 35695 36003.4 36138.8 35955.8 35606.6 35411 35574 36003.6 36391.5 36487.8 36325 36191.7 36378.6 36920.9 37567 37999.7 38116.1 38114.1 38310.3 38851 39573.5 40143.7 40347.7 40279 40252.1 40518.9 41038 41503.5 41609.3 41316.8 40888.9 40661.3 40751.3 40963.3 40972.1 
MCS: 28
TBLER: 0
----------------------------------------
seed=4
Throughput: 60195.7
Latency: 0.0120651
SINR: 5323.85 5494.93 5328.92 4898.68 4326.93 3755.18 3310.24 3076.27 3078.18 3280.14 3598.7 3927.22 4165.27 4246.07 4155.09 3935.47 3678.71 3502.76 3522.44 3819.13 4416.77 5270.09 6268.28 7253.69 8052.17 8508.59 8520.17 8060.19 7187.03 6036 4795.5 3672 2850.95 2461.31 2551.07 3078.42 3920.45 4897.43 5807.67 6466.01 6738.24 6564.85 5969.72 5052.64 3967.47 2891.09 1989.29 1386.6 1145.76 1260.27 1660.64 2232.53 2841.95 
MCS: 28
TBLER: 0
----------------------------------------
seed=5
Throughput: 60195.7
Latency: 0.0120651
SINR: 35413.5 34349.5 33305.8 32437.2 31865.7 31661.5 31833 32327 33038.9 33831.8 34560.7 35097.8 35354.8 35297.8 34953.3 34403.6 33772.2 33202.5 32832.1 32768.8 33070.5 33733.8 34692.5 35827 36982.6 37993.3 38709.1 39019.6 38871.9 38279.6 37320.7 36125.2 34854.6 33676.2 32736.9 32140.4 31932.2 32093.6 32547.3 33171.7 33823.3 34361.9 34675 34697.4 34422.4 33902.5 33240.8 32572 32039.4 31769 31847.2 32303.9 33106.5 
MCS: 28
TBLER: 0
----------------------------------------
seed=6
Throughput: 60195.7
Latency: 0.0120651
SINR: 32307.8 28005.8 27177.6 31697.3 34600.7 33230 32879.3 34823.3 33569.1 28791.3 27680.3 32099.1 35115.5 33868.3 33903.7 36797.6 36343.7 31600.3 30286.4 34628.6 37504.8 36360.3 36842.9 39712.5 38514.9 33020.7 31216 35205.2 37990.5 36883 37412.7 40772.3 40396.6 35217.3 33173.7 36906.5 39435.3 38248.4 39261.3 43031.3 42211.2 36238.1 33682.7 37047.3 39389.7 38309.7 39411.1 43391.8 43290.7 37997.9 35476.2 38564.2 40612.4 
MCS: 28
TBLER: 0
----------------------------------------
seed=7
Throughput: 60195.7
Latency: 0.0120651
SINR: 68907.3 68550.8 68143.7 67692.7 67204.6 66686.1 66143.8 65583.8 65012.1 64433.8 63853.9 63276.2 62704.4 62141 61588 61046.7 60517.4 60000.1 59494 58997.7 58509.4 58026.9 57547.6 57068.7 56587.5 56101 55606.6 55101.7 54584 54051.6 53503.2 52937.8 52355 51755.2 51139.3 50508.9 49866.2 49214 48555.9 47895.8 47238.4 46588.5 45951.6 45333.3 44739.2 44175.2 43647.2 43160.8 42721.4 42334 42003.2 41733 41526.8 
MCS: 28
TBLER: 0
----------------------------------------
seed=8
Throughput: 60195.7
Latency: 0.0120651
SINR: 51693.5 37484.7 21445.4 25790.6 40882.6 40278.6 47231.2 55580.4 56760.3 66312 57686.6 38714.7 42278.5 46726.4 53494.5 63439.1 48850.6 34979.1 34230.5 33117.2 49871.9 63099.9 56744.1 61214.3 62188.5 52987.7 48893.9 30093.9 15678.3 27827.9 40157.2 53739.4 59905 44694.3 40918 43114.4 35329.9 37355.9 34240.4 27023.6 35749.5 37600.3 35523.9 36968.3 27661 35160 57324.4 62217.9 62553.3 51824.6 31561.9 33178 35441.7 
MCS: 28
TBLER: 0
----------------------------------------
seed=9
Throughput: 60195.7
Latency: 0.0120651
SINR: 38129.4 38061.6 37987.6 37911 37835.4 37764.3 37701 37648.7 37610.2 37588.1 37584.7 37601.8 37641 37703.3 37789.5 37899.8 38034.2 38192.4 38373.4 38576.4 38799.9 39042.7 39302.9 39578.9 39868.8 40170.9 40483.5 40804.8 41133.2 41467.3 41805.8 42147.7 42491.9 42837.9 43184.9 43532.6 43880.8 44229.1 44577.6 44926.1 45274.6 45623 45971 46318.4 46664.6 47009.1 47350.9 47689 48022.1 48348.5 48666.5 48974.2 49269.3 
MCS: 28
TBLER: 0
----------------------------------------
====================================================================================================
distanceStepSize=20
seed=1
Throughput: 60195.7
Latency: 0.0120651
SINR: 21509.9 21746.2 21565.4 21780.9 21307.2 21881.6 21390.5 21705.2 21182.8 22038.9 21210.8 21739.1 21134.8 22035.1 21394.4 21669.7 21204.7 22074 21521.2 21636 21417.1 21816.3 21755.3 21477.6 21525.5 21641.3 21782.2 21243.9 21746.1 21352.3 21833.2 21121.5 21782.3 21364 21846.5 21020.3 21925.5 21404.7 21805.7 21160 21781 21574.1 21729.8 21195.6 21661.8 21696.2 21472 21427.2 21401.1 21798.9 21361.4 21527 21316.8 
MCS: 28
TBLER: 0
----------------------------------------
seed=2
Throughput: 60195.7
Latency: 0.0120651
SINR: 36791.2 25530.3 25479 23582.1 25754.4 27025.1 22845.7 27742.1 21808.6 22227.3 27228.4 24886.9 38655.2 24132.5 26641.2 24579.2 34051 28706 27984.6 19600.7 20516.4 28768 25846.3 28114.6 31254.1 21294.7 33109.2 24035.8 34373.2 35107.2 29107.1 23629.3 21223.9 27854.5 28078 33694.7 21750.6 25458.6 29865.9 30932.7 35731.7 30171.1 29660.4 30637.1 26484.2 32520.3 25174.5 34597.8 20748.8 26815.5 27756.6 35017.9 38426.4 
MCS: 28
TBLER: 0
----------------------------------------
seed=3
Throughput: 60195.7
Latency: 0.0120651
SINR: 20840.1 20983.7 21024.4 20982.9 20953.3 21019.7 21182.6 21360.7 21464.2 21473.3 21451.3 21482.4 21590.4 21713.9 21761.9 21700.2 21591.3 21548.5 21643.7 21846.9 22052 22165.2 22180.3 22175.9 22239.1 22385.9 22548.8 22641.7 22642.4 22617.3 22663.9 22823 23039 23206.6 23263 23246.2 23264.7 23405.6 23659.8 23929.1 24108.5 24171.5 24183.9 24236.7 24359.9 24496 24556.7 24510.9 24423.1 24405.1 24521.1 24730.2 24918 
MCS: 28
TBLER: 0
----------------------------------------
seed=4
Throughput: 60195.7
Latency: 0.0120651
SINR: 6841.07 7283.02 7398.34 7201.03 6773.97 6245.46 5756.77 5428.26 5332.05 5477.36 5811.57 6236.57 6636.13 6907.65 6990.59 6884.53 6652.42 6407.77 6288.38 6422.49 6895.04 7721.92 8838.6 10106.4 11335.9 12323 12890.1 12924.5 12404.7 11409.5 10106.3 8721.98 7500.88 6657.96 6337.45 6584.82 7337.81 8438.68 9664.93 10772.5 11543.1 11824.9 11561 10797.8 9673.02 8387.04 7161.96 6198.45 5638.17 5539.49 5870.76 6521.73 7330.09 
MCS: 28
TBLER: 0
----------------------------------------
seed=5
Throughput: 60195.7
Latency: 0.0120651
SINR: 23878.5 23843.6 23799.9 23747.4 23686.6 23618.9 23546 23470.5 23395.1 23322.6 23255.5 23196 23145.3 23104 23071.8 23047.7 23030.3 23018 23009.5 23003.8 23000.3 22999.3 23001.8 23008.9 23022.2 23043.2 23073.1 23112.3 23160.8 23217.8 23281.5 23350.1 23421.3 23492.9 23563 23630.2 23693.8 23753.4 23809.4 23862.3 23912.5 23960.4 24005.7 24047.9 24085.4 24116.6 24139.3 24151.5 24151.2 24137.3 24109.4 24067.9 24014.3 
MCS: 28
TBLER: 0
----------------------------------------
seed=6
Throughput: 60195.7
Latency: 0.0120651
SINR: 17231.3 17231.3 16840.1 16967.5 17494.5 17580.9 17630.8 18179.7 18549.3 18451.7 18479.2 18644.9 18678.6 18785.4 18940 18992.2 19142.2 19173.1 18805.7 18720.5 19209.3 19431.8 19403.2 19927.3 20522.2 20468 20436.2 20826.9 21012.8 21009.1 21275.8 21573.5 21690 21718.1 21509 21314.2 21607.1 21904.4 21840 22137.6 22751.6 22729.9 22451.2 22767.1 23061.6 22875.3 22973.5 23440.1 23588.2 23484.1 23406.4 23291.7 23380 
MCS: 28
TBLER: 0
----------------------------------------
seed=7
Throughput: 60195.7
Latency: 0.0120651
SINR: 37096.8 37122.8 37145.1 37163.5 37177.7 37187.5 37192.7 37193.3 37189.3 37180.6 37167.4 37149.9 37128.2 37102.8 37073.8 37041.7 37006.8 36969.5 36930.2 36889.1 36846.7 36803 36758.4 36712.9 36666.6 36619.4 36571.2 36521.9 36471.1 36418.6 36363.9 36306.7 36246.5 36182.8 36115.2 36043.3 35966.6 35884.9 35797.7 35704.8 35606.2 35501.6 35391.2 35275 35153.2 35026 34893.7 34756.6 34615.3 34470 34321.4 34169.7 34015.4 
MCS: 28
TBLER: 0
----------------------------------------
seed=8
Throughput: 60195.7
Latency: 0.0120651
SINR: 34583.2 24984.9 14265.5 16346.3 24006.9 23675.8 29120.6 34985.4 37365.8 43703.1 37524.6 25768.3 26647 27982.9 32531.7 38627.4 30093.4 22306.6 21196.3 20690.2 30981.7 37798.4 34349.2 38069.4 39095.3 34547.4 31508.3 18668 9582.72 15972 23193.6 32501.9 36674.1 28735.6 27522.5 28019.9 23050.4 23736.1 20444.5 16167.2 21835.7 23563 23462 23753.6 17676.1 22896.3 35927.4 39023.2 39765.1 32967.7 21304.3 22207.2 22218.7 
MCS: 28
TBLER: 0
----------------------------------------
seed=9
Throughput: 60195.7
Latency: 0.0120651
SINR: 16884.5 17282.2 17671.9 18047.9 18404.8 18737.8 19043 19317 19557.6 19763.4 19934.2 20070.7 20174.7 20248.8 20296.9 20323.4 20333.5 20333 20328.2 20325.5 20331.5 20352.6 20394.9 20464.2 20565.5 20703.2 20880.6 21100.3 21363.4 21670.3 22019.8 22409.9 22837.3 23297.6 23785.6 24295.2 24819.4 25351 25882.2 26405 26911.7 27394.5 27846.2 28260.2 28630.5 28952.1 29221.1 29434.6 29591 29690 29732.5 29720.4 29657.1 
MCS: 28
TBLER: 0
----------------------------------------
====================================================================================================
distanceStepSize=30
seed=1
Throughput: 58186.3
Latency: 0.0167585
SINR: 30.5772 30.2553 17.9376 7.50602 12.9714 27.3728 38.283 38.2431 25.9623 12.1115 21.9935 42.3514 50.146 41.7269 23.9412 15.9933 28.114 47.3291 49.1878 38.1134 23.8266 22.0253 32.8353 46.9618 42.293 30.785 27.1602 40.3536 61.894 65.898 50.7875 27.7293 23.903 37.8196 54.7841 56.0682 46.573 28.1878 30.7432 55.0016 73.0195 68.7326 49.9857 36.1217 38.8427 58.2348 61.8405 48.0733 36.5431 39.5418 53.2694 71.5778 65.8186 
MCS: 21
TBLER: 0.977885
----------------------------------------
seed=2
Throughput: 60195.7
Latency: 0.0120651
SINR: 8219.07 12394.7 13040.7 14305.1 14556 12565 13844.9 11843.5 15165.4 16261.7 12989.7 13621.4 7559.7 12947.5 12801.1 14735.9 11148.6 11717.5 11610.7 16390.6 16208.5 12466.8 13322.8 12207 10162.6 15360.8 10202.5 14251 10960.8 8392.28 11634.2 14482.7 17126.4 13722.1 11778.1 9339.32 15069.7 13443 12223.8 11388.5 8792.16 10326.4 11312.2 10679.5 15525.8 10899.5 13346.5 9156.2 15551.9 13427 12863.3 9385.43 8027.03 
MCS: 28
TBLER: 0
----------------------------------------
seed=3
Throughput: 60195.7
Latency: 0.0120651
SINR: 23063.2 23114.8 23129.3 23124.8 23129.2 23155.9 23192.4 23209.8 23184.3 23113.6 23014.8 22909.1 22808.2 22714.7 22633.2 22580.4 22579.2 22640.8 22748.7 22859.8 22926 22920.3 22849.4 22743.7 22633.6 22532.3 22435.9 22338.3 22243.5 22165.4 22114.5 22086.1 22062.5 22029.1 21988.7 21961.7 21968.6 22008.6 22053.3 22060.8 22001.6 21875.6 21709.4 21536.8 21380.7 21248.6 21142.8 21070.7 21043.6 21064.2 21114.5 21158.3 21160.2 
MCS: 28
TBLER: 0
----------------------------------------
seed=4
Throughput: 60195.7
Latency: 0.0120651
SINR: 20601.2 20610 21012.4 21653.8 22343.4 22899.4 23189.1 23155.3 22823.8 22290.9 21694.4 21175.4 20841.4 20738 20837.1 21044.7 21225.4 21238.8 20978.2 20403 19555.7 18559.6 17596.8 16870.6 16560.3 16779.4 17545.7 18771.5 20275.6 21817.3 23143 24037.8 24370.6 24121.7 23388.9 22367.9 21313.5 20487 20103.3 20286.7 21045.7 22272.5 23765.5 25271.8 26539.4 27367.9 27648.3 27382.1 26677.4 25722.8 24746 23965.1 23544.9 
MCS: 28
TBLER: 0
----------------------------------------
seed=5
Throughput: 60195.7
Latency: 0.0120651
SINR: 18775.6 18786.3 18794.2 18799.8 18803.7 18806.8 18809.9 18813.8 18818.8 18824.8 18831.6 18838.3 18843.9 18847.5 18848.2 18845.3 18838.7 18828.5 18815.5 18800.5 18784.9 18769.6 18755.9 18744.2 18734.9 18727.9 18722.6 18718.1 18713.6 18708.2 18701.2 18692.3 18681.6 18669.8 18657.6 18646.3 18636.9 18630.6 18628.1 18629.6 18635.1 18644 18655.3 18668 18680.9 18693.1 18703.8 18712.6 18719.8 18725.7 18730.9 18736.3 18742.6 
MCS: 28
TBLER: 0
----------------------------------------
seed=6
Throughput: 60195.7
Latency: 0.0120651
SINR: 24135.8 24516.9 24835.2 24567 24482.3 24453.8 23902.7 23576.9 23811.5 23845.8 23893.7 24351 24386.8 23964.5 24025.4 24193.3 23943.1 24077.1 24539.3 24331.9 23863.1 23715.2 23198.4 22413.8 22235.1 22234.8 21948.6 21964.2 22044.2 21570.8 21250.3 21425.6 21354.4 21303.7 21801.5 21990.1 21588.6 21465.1 21379.9 20800.9 20526.8 20776.2 20726.9 20580.5 20724.5 20488.8 19947.1 19884.5 19907.7 19654.1 19765.7 19971.5 19512.3 
MCS: 28
TBLER: 0
----------------------------------------
seed=7
Throughput: 60195.7
Latency: 0.0120651
SINR: 10831.8 10773.5 10717.7 10665.5 10617.3 10573.9 10535.5 10502.4 10474.4 10451.1 10432.2 10416.8 10404 10392.8 10381.9 10370.2 10356.3 10339.1 10317.2 10289.7 10255.6 10214.2 10165 10107.7 10042.2 9968.84 9888.04 9800.54 9707.26 9609.33 9508.02 9404.73 9300.9 9198.01 9097.52 9000.79 8909.1 8823.56 8745.1 8674.43 8612.06 8558.24 8513.01 8476.15 8447.27 8425.77 8410.92 8401.86 8397.66 8397.37 8400.03 8404.76 8410.78 
MCS: 28
TBLER: 0
----------------------------------------
seed=8
Throughput: 60195.7
Latency: 0.0120651
SINR: 13223.5 18812.3 27074.2 28203.1 23425.7 23640.5 21898 17568.1 15172.1 11094.5 12417.3 18408.7 18997.9 18643.1 16745.6 12987.5 16338.9 20615.6 21985.2 23930.2 19709.9 14609.7 15080.9 13176 11901 13511.1 16000.4 25698.8 33272.5 29876.6 25069.6 19006.1 14140.7 16568 17069.3 16704.3 19927.6 20171.9 22679.6 26581.5 23400.7 21253.7 21033.6 20388.7 25352.9 25997.6 18564.9 14273.1 12255.3 14469.9 20783.1 20977.6 21295.4 
MCS: 28
TBLER: 0
----------------------------------------
seed=9
Throughput: 60195.7
Latency: 0.0120651
SINR: 32025.9 31549.7 31074.9 30611.1 30167.2 29751.6 29371.7 29033.7 28742.4 28501.6 28313.1 28177.6 28093.8 28059.2 28069.8 28120.1 28203.7 28312.9 28439.4 28574.3 28708.3 28832 28936.4 29012.7 29052.9 29049.8 28997.4 28890.9 28726.8 28503.2 28219.7 27877.3 27478.8 27028.3 26531.2 25994.2 25425 24832.2 24224.8 23612.5 23004.8 22411.2 21840.9 21302.4 20803.4 20350.4 19949 19603.2 19315.8 19087.9 18919.3 18808.1 18751.2 
MCS: 28
TBLER: 0
----------------------------------------
====================================================================================================
distanceStepSize=40
seed=1
Throughput: 60195.7
Latency: 0.0125651
SINR: 27.9011 23.9449 16.1822 11.4334 13.0159 19.3165 23.0467 19.4038 14.9034 13.9002 18.2176 24.9616 28.3784 21.7432 15.1522 16.664 22.3551 27.0427 25.8055 18.444 13.1744 18.3455 25.2165 27.0339 22.9279 17.6115 15.6154 23.4678 32.3248 30.7935 23.9085 18.044 17.3878 22.3193 27.0147 22.9628 17.1434 15.9162 21.258 29.9864 35.3117 28.8158 19.3355 20.2273 27.1311 32.8422 31.3301 23.2166 15.5018 19.5651 28.1269 30.7489 25.9899 
MCS: 18
TBLER: 0.856667
----------------------------------------
seed=2
Throughput: 60195.7
Latency: 0.0160075
SINR: 7.89011 8.23251 5.38108 2.56796 2.18785 1.99137 2.05785 2.53758 3.77327 3.90556 4.47772 5.99862 5.95516 3.62667 2.39114 2.8817 2.87402 1.65927 1.21207 3.04321 4.14491 4.62029 4.74853 4.7291 3.70391 3.12513 2.98262 2.83405 1.65581 1.55229 3.25978 3.926 2.94286 2.28772 3.24043 3.88802 3.10245 1.97995 1.94023 1.4051 1.09622 1.60602 1.7579 1.13819 1.37437 3.10667 3.62104 2.15146 1.28728 2.20439 1.99849 1.13977 0.604912 
MCS: 6
TBLER: 0.622549
----------------------------------------
seed=3
Throughput: 60195.7
Latency: 0.0131694
SINR: 115.107 26.4156 35.9982 62.7541 39.4522 90.6234 15.2287 47.2496 7.13975 55.7772 37.3122 21.8342 3.1549 8.52008 43.0991 106.318 0.698852 21.8661 20.5841 128.698 57.77 34.6823 25.941 36.8521 83.0178 66.7178 26.4148 0.413379 35.9581 22.245 69.939 3.7054 1.01373 2.27201 86.5412 27.7361 10.9466 11.8107 74.9459 76.1771 79.9606 4.55078 45.5646 93.9122 93.8357 67.7965 4.04852 44.6404 35.2645 80.1071 12.2642 4.70266 2.12306 
MCS: 15
TBLER: 0.790373
----------------------------------------
seed=4
Throughput: 60195.7
Latency: 0.0120651
SINR: 13420.1 13949.8 14347.1 14538.3 14504.2 14280.5 13944.8 13594.9 13323.5 13195.6 13232.8 13410.1 13663.5 13907.8 14060.3 14063.8 13903.9 13616.3 13281 13006.3 12904.1 13063.3 13526.3 14275.6 15232.5 16269.4 17233.6 17977.8 18389.7 18416.8 18078.3 17462.9 16712.3 15993.6 15465.8 15248.3 15396.6 15891.9 16644.8 17514.3 18336.3 18956.9 19263.2 19205 18803.6 18145.7 17364.3 16611.3 16026.4 15710.6 15708.4 16002.8 16523 
MCS: 28
TBLER: 0
----------------------------------------
seed=5
Throughput: 60195.7
Latency: 0.0120651
SINR: 11670.8 11670.7 11670.6 11670.8 11671.5 11672.5 11673.9 11675.5 11677.1 11678.7 11680.1 11681.3 11682.3 11683.1 11683.9 11684.6 11685.5 11686.6 11687.7 11688.8 11689.7 11690.3 11690.1 11689 11686.7 11683.3 11678.6 11672.8 11666.1 11658.9 11651.4 11644.1 11637.3 11631.4 11626.6 11622.9 11620.4 11619.1 11618.7 11619.3 11620.7 11622.8 11625.4 11628.8 11632.7 11637.4 11642.8 11649 11655.9 11663.3 11671 11678.8 11686.3 
MCS: 28
TBLER: 0
----------------------------------------
seed=6
Throughput: 60195.7
Latency: 0.0120651
SINR: 7492.98 7326.06 7237.85 7206.02 7069.58 7073.98 7271.25 7297.42 7158.49 7072.79 6912.3 6706.94 6721.33 6782.12 6657.27 6572.57 6575.04 6444.97 6330.97 6383.19 6397.96 6440.37 6720.23 6969.69 6988.82 7014.08 7052.08 6981.56 7040.25 7248.26 7263.47 7150.73 7138.18 7047.19 6855.62 6822.88 6841.29 6778.27 6882.66 7104.92 7113.36 7029.37 7042.84 7000.82 6996.36 7226.79 7406.92 7368.81 7393.41 7470.69 7426.27 7482.23 7701.15 
MCS: 28
TBLER: 0
----------------------------------------
seed=7
Throughput: 60195.7
Latency: 0.0120651
SINR: 7619.64 7635.23 7649.16 7661.48 7672.36 7682.13 7691.25 7700.28 7709.95 7721.02 7734.36 7750.85 7771.41 7796.9 7828.18 7865.97 7910.94 7963.58 8024.26 8093.15 8170.28 8255.47 8348.36 8448.41 8554.95 8667.12 8783.97 8904.44 9027.43 9151.77 9276.32 9399.95 9521.6 9640.3 9755.18 9865.53 9970.77 10070.5 10164.4 10252.5 10334.7 10411.4 10482.8 10549.4 10611.6 10670.1 10725.4 10778.1 10828.7 10877.6 10925.3 10972 11017.9 
MCS: 28
TBLER: 0
----------------------------------------
seed=8
Throughput: 60195.7
Latency: 0.0120651
SINR: 15381.2 14016.1 9844.48 6365.68 6968.05 6761.39 6769.93 8637.68 10251.9 13610.4 15020.2 11676.7 9900.21 9640.43 10006.5 12862.8 12998.5 10609.1 9433.17 7510.4 7909.41 10745.9 11108.7 12306.3 14559.1 15194.6 16353.1 14017.4 7887.21 5428.53 5911.2 8059.26 11398.1 11378.3 11098.7 12384.8 11284.3 10587.1 10055 7491.53 7352.3 8376.94 8505.13 9339.28 7588.83 5699.92 8126.79 10826.3 13091.7 13942.6 10917.9 9539.88 9776.68 
MCS: 28
TBLER: 0
----------------------------------------
seed=9
Throughput: 60195.7
Latency: 0.0120651
SINR: 3188.94 3270.64 3360.21 3454.11 3548.8 3640.84 3726.94 3804.13 3869.76 3921.64 3958.09 3977.95 3980.66 3966.24 3935.31 3889.09 3829.29 3758.17 3678.38 3592.93 3505.1 3418.35 3336.19 3262.1 3199.45 3151.36 3120.61 3109.61 3120.26 3153.93 3211.4 3292.84 3397.81 3525.22 3673.43 3840.2 4022.83 4218.17 4422.75 4632.82 4844.51 5053.89 5257.09 5450.41 5630.43 5794.08 5938.74 6062.33 6163.34 6240.87 6294.69 6325.22 6333.53 
MCS: 28
TBLER: 0
----------------------------------------
====================================================================================================
distanceStepSize=50
seed=1
Throughput: 60095.2
Latency: 0.0130734
SINR: 15.4084 13.5274 10.3058 8.24312 9.41703 12.4676 13.1209 11.2749 9.21885 8.97408 10.7132 12.9646 13.7278 11.1881 9.42967 10.359 11.7623 13.0485 12.7363 10.3715 10.1504 12.6884 14.4915 13.9774 11.4415 8.70626 8.44711 12.1054 15.12 14.5112 12.4035 10.1489 10.3343 12.9914 13.6924 11.9019 9.97235 9.65436 11.5535 14.1603 15.2689 13.1998 11.3971 12.6623 14.6887 15.7248 14.1407 10.4039 8.52036 10.857 14.3897 15.3013 13.0553 
MCS: 15
TBLER: 0.790373
----------------------------------------
seed=2
Throughput: 60195.7
Latency: 0.019737
SINR: 4.70294 4.84323 3.13704 2.04392 2.19809 2.51963 1.89845 1.14736 1.43163 1.77892 2.32781 3.06828 3.28464 2.49793 2.18332 2.18057 2.38872 1.0234 0.480224 1.20053 1.9489 1.57333 1.68702 2.15856 2.94748 2.61995 2.61949 2.35491 1.32652 0.819796 1.36728 1.52194 0.862351 0.72788 1.71799 2.57289 1.76953 1.42808 1.57674 1.56157 1.00872 0.778709 0.525451 0.390265 0.564851 1.78868 1.93231 1.07985 0.758382 1.40604 1.5655 0.932945 0.405007 
MCS: 3
TBLER: 0.211425
----------------------------------------
seed=3
Throughput: 60195.7
Latency: 0.013313
SINR: 68.1037 22.4487 21.8445 40.6039 21.6543 52.8693 9.91521 29.6506 3.63549 28.7414 22.0987 18.1988 2.02784 8.9656 25.8756 61.896 2.22167 13.2888 15.7906 71.3456 37.9254 18.6652 14.9248 24.5557 49.0286 32.5591 19.1781 0.550535 19.5719 9.80569 36.7982 1.83704 1.05955 2.42113 47.1367 14.8226 7.73237 7.41054 50.3433 52.7625 45.347 4.32635 30.897 63.2991 53.0416 36.3038 3.17973 26.5821 17.843 45.0176 4.66282 3.08352 1.50892 
MCS: 14
TBLER: 0.623171
----------------------------------------
seed=4
Throughput: 58789.1
Latency: 0.0160762
SINR: 15.6318 19.3824 37.0972 67.3528 105.027 142.124 170.256 183.297 178.821 158.241 126.34 90.4193 58.7023 38.0299 31.8109 39.3246 56.5341 77.6711 96.8545 109.503 113.434 109.279 99.8704 88.8356 79.1364 72.1965 67.7676 64.3688 60.1 53.5512 44.3951 33.3779 21.8844 11.528 3.94545 0.550288 2.06636 8.14735 17.5253 28.5987 39.8568 49.8083 56.832 59.5398 57.5306 51.7578 44.0761 36.4606 30.6673 28.3543 30.9656 39.0241 51.4505 
MCS: 21
TBLER: 0.54816
----------------------------------------
seed=5
Throughput: 60195.7
Latency: 0.0120651
SINR: 8562.55 8575.93 8588.99 8600.44 8609.2 8614.6 8616.42 8614.92 8610.83 8605.17 8599.08 8593.69 8589.87 8588.14 8588.62 8590.95 8594.46 8598.23 8601.31 8602.87 8602.35 8599.56 8594.75 8588.52 8581.75 8575.43 8570.48 8567.61 8567.15 8569 8572.62 8577.11 8581.36 8584.2 8584.58 8581.81 8575.58 8566.13 8554.11 8540.58 8526.82 8514.13 8503.68 8496.3 8492.4 8491.94 8494.44 8499.09 8504.94 8511.01 8516.52 8520.99 8524.33 
MCS: 28
TBLER: 0
----------------------------------------
seed=6
Throughput: 60195.7
Latency: 0.0120651
SINR: 11057.2 11010.3 10963.4 10913.4 10757.9 10640.8 10718.2 10828.7 10836.3 10799.1 10700.4 10555.9 10522.7 10560.2 10484.2 10344.5 10234.1 10074.9 9887.12 9749.23 9565.52 9346.85 9298.93 9396.36 9442 9438.94 9427.57 9365.63 9359.61 9492.38 9590.99 9563.34 9518.5 9449.47 9312.96 9197.46 9077.55 8866.4 8709.67 8715.42 8718.07 8633.42 8537.22 8405.28 8263.07 8259.49 8332.87 8301.03 8206.32 8128.71 8020.32 7923.51 7887.85 
MCS: 28
TBLER: 0
----------------------------------------
seed=7
Throughput: 60195.7
Latency: 0.0120651
SINR: 4384.91 4351.02 4315.47 4278.19 4239.05 4197.98 4154.88 4109.72 4062.47 4013.14 3961.81 3908.58 3853.61 3797.12 3739.37 3680.68 3621.39 3561.92 3502.68 3444.13 3386.72 3330.92 3277.2 3225.99 3177.71 3132.74 3091.44 3054.08 3020.91 2992.1 2967.79 2948.05 2932.87 2922.22 2916 2914.1 2916.34 2922.53 2932.47 2945.94 2962.72 2982.61 3005.4 3030.92 3059.02 3089.56 3122.46 3157.63 3195.04 3234.65 3276.48 3320.52 3366.8 
MCS: 28
TBLER: 0
----------------------------------------
seed=8
Throughput: 60195.7
Latency: 0.0120651
SINR: 7587.11 10151.8 12140.1 10563.1 8620.21 8403.43 7025.19 5729.81 4995.26 4761.34 7213.05 9061.49 8376.92 7827.75 6768.19 6644.51 8653.96 9314.44 9315.96 9061.35 6887.97 6032.3 6436 5932.31 6590.5 7777.8 9794.39 13541.9 13940.7 10852.7 8326.9 6158.17 5996.8 7379.02 7220.35 7925.14 9326.76 9474.59 10444.5 10364.8 8535.86 8175.4 7974.61 8245 9613.37 8228.04 5768.57 5251.7 5684.42 7877.63 9520.34 8730.08 9220.72 
MCS: 28
TBLER: 0
----------------------------------------
seed=9
Throughput: 60195.7
Latency: 0.0120651
SINR: 11002.4 10879 10783.9 10716.7 10676.5 10661.7 10669.8 10698 10742.7 10800.1 10865.9 10935.6 11004.8 11069 11123.9 11165.5 11190.1 11194.7 11176.7 11134.3 11066.1 10971.8 10851.5 10706.5 10538.2 10349.3 10142.6 9921.57 9690.25 9452.84 9213.77 8977.57 8748.71 8531.52 8330.03 8147.89 7988.28 7853.78 7746.37 7667.31 7617.16 7595.75 7602.15 7634.79 7691.39 7769.12 7864.64 7974.19 8093.69 8218.9 8345.47 8469.11 8585.7 
MCS: 28
TBLER: 0
----------------------------------------
====================================================================================================
distanceStepSize=60
seed=1
Throughput: 60195.7
Latency: 0.0133914
SINR: 8.21151 7.20143 6.04119 5.56028 6.30118 7.70753 7.78702 6.97429 6.21173 5.99227 6.58659 7.26239 7.27361 6.39965 5.62471 5.90448 6.36335 7.04407 7.23446 6.49394 6.84758 7.81257 8.17608 7.69252 6.19025 5.05309 5.3955 6.79813 7.89153 7.56553 6.82772 6.15749 6.35736 7.47244 7.52147 6.87649 6.05574 5.65758 6.40502 7.47292 7.8967 7.47125 6.83447 7.31501 7.94698 7.93073 7.1235 5.52728 5.25323 6.49419 7.87512 8.2418 7.29964 
MCS: 12
TBLER: 0.773343
----------------------------------------
seed=2
Throughput: 45728.5
Latency: 0.0373991
SINR: 2.26048 2.52917 1.83119 1.41386 1.59325 1.96271 1.30023 0.577384 0.530448 0.755035 0.952574 1.18228 1.4434 1.31728 1.20582 1.32465 1.57684 0.749702 0.379461 0.535306 0.897387 0.571951 0.561772 1.03311 1.70692 1.53375 1.58667 1.40992 0.90919 0.524166 0.519657 0.587174 0.266225 0.197542 0.752405 1.30891 0.937938 0.905462 0.975335 1.22897 0.846207 0.526536 0.318702 0.223409 0.151799 0.578165 0.668902 0.407842 0.271698 0.618674 0.928872 0.686331 0.324899 
MCS: 0
TBLER: 0.271552
----------------------------------------
seed=3
Throughput: 60195.7
Latency: 0.0135525
SINR: 41.0043 16.4873 13.5707 25.7904 12.7987 31.3203 6.52953 18.5221 2.04804 16.6146 13.5966 13.1382 1.18091 7.75564 16.2173 37.6999 2.6425 8.56757 11.34 42.5197 24.4192 11.0569 9.38168 16.4536 29.4327 17.2009 12.9381 0.585847 11.4747 5.25312 20.612 0.945019 0.973982 2.42882 28.5335 8.80634 5.3803 4.76979 34.8803 35.3454 27.0162 3.73675 20.824 42.3976 31.4331 21.2364 2.60696 16.6597 10.3785 26.0747 2.03002 2.11913 0.895119 
MCS: 12
TBLER: 0.117716
----------------------------------------
seed=4
Throughput: 60195.7
Latency: 0.0125651
SINR: 10.93 14.4838 26.7684 46.9163 71.7946 96.48 115.56 124.71 121.87 107.684 85.2973 59.6312 36.2011 19.6719 12.6144 14.9724 24.4061 37.2398 49.5853 58.3368 61.8597 60.226 54.906 48.0369 41.5932 36.7938 33.8922 32.312 31.0175 28.9826 25.5866 20.7885 15.0606 9.20805 4.18827 0.932141 0.11988 1.96708 6.15592 11.9537 18.397 24.4158 28.9402 31.1243 30.6677 28.0122 24.2255 20.6507 18.57 19.0034 22.5383 29.0991 37.7981 
MCS: 18
TBLER: 0.856667
----------------------------------------
seed=5
Throughput: 60195.7
Latency: 0.0127654
SINR: 92.3499 82.8623 28.2432 19.1065 42.3049 86.5463 40.5771 30.5085 1.02518 7.69346 60.1757 89.9707 99.7351 105.764 138.929 39.045 63.624 30.7129 26.7489 36.0314 47.849 9.25553 45.6773 68.0317 117.614 138.393 99.2091 12.2465 46.0503 57.5926 0.355482 126.753 57.7373 14.4226 61.3727 140.256 84.9298 28.3841 29.3164 13.0662 10.9359 6.43642 42.069 28.0408 25.804 11.7222 36.3351 102.915 72.4396 40.446 25.062 8.99471 23.4192 
MCS: 19
TBLER: 0.113144
----------------------------------------
seed=6
Throughput: 60195.7
Latency: 0.0120651
SINR: 7018.29 7048.39 7056.71 7037.83 6983.76 6936.89 6949.65 7016.05 7092.43 7130.31 7116.09 7119.57 7205.9 7314.65 7359.4 7358.58 7348.05 7309.44 7247.46 7180.8 7080.18 6945.33 6851.06 6838.81 6867.02 6878.21 6851.01 6827.61 6880.11 6998.93 7099.75 7155.37 7189.29 7190.23 7161.18 7139.02 7097.23 6986.86 6862.47 6806.83 6800.47 6776.02 6709 6622.46 6571.51 6588.41 6630.59 6645.55 6629.06 6579.25 6503.14 6448.31 6413.87 
MCS: 28
TBLER: 0
----------------------------------------
seed=7
Throughput: 60195.7
Latency: 0.0120651
SINR: 7200.02 7199.34 7194.9 7186.68 7174.68 7158.91 7139.36 7116.06 7089.01 7058.24 7023.77 6985.66 6943.94 6898.68 6849.95 6797.84 6742.46 6683.94 6622.42 6558.06 6491.06 6421.62 6349.96 6276.35 6201.04 6124.31 6046.46 5967.79 5888.61 5809.23 5729.98 5651.17 5573.09 5496.05 5420.33 5346.2 5273.91 5203.68 5135.72 5070.23 5007.36 4947.26 4890.04 4835.79 4784.6 4736.51 4691.57 4649.8 4611.2 4575.78 4543.52 4514.4 4488.39 
MCS: 28
TBLER: 0
----------------------------------------
seed=8
Throughput: 60195.7
Latency: 0.0120651
SINR: 3825.36 4669.35 6969.53 8463.38 7873.65 7950.34 7963.26 7007.46 6121.52 4471.14 3838.65 5385.24 6205.31 6270.9 5950.06 4797.83 5038.48 6053.16 6468.77 7391.22 7185.4 5835.64 5539.81 4967.71 4148.46 3990.55 3930.5 5862.43 8815.59 9402.21 8662.85 7172.99 5406.49 5422.7 5417.63 4821.42 5450.37 5961.49 6628.45 7833.68 7469.39 6873.64 6791.39 6344.27 7395.45 8462.8 7233.26 5773.97 4610.99 4365.73 5830.8 6277.69 6200.03 
MCS: 28
TBLER: 0
----------------------------------------
seed=9
Throughput: 60195.7
Latency: 0.0120651
SINR: 8931.77 8834.87 8753.22 8688.64 8642.49 8615.58 8608.17 8619.96 8650.1 8697.24 8759.51 8834.62 8919.88 9012.32 9108.74 9205.78 9300.06 9388.22 9467.05 9533.55 9585.03 9619.17 9634.07 9628.36 9601.16 9552.17 9481.64 9390.37 9279.72 9151.53 9008.11 8852.16 8686.71 8515 8340.48 8166.64 7996.94 7834.74 7683.18 7545.14 7423.12 7319.19 7234.96 7171.5 7129.34 7108.47 7108.3 7127.72 7165.11 7218.39 7285.08 7362.39 7447.25 
MCS: 28
TBLER: 0
----------------------------------------
====================================================================================================
distanceStepSize=70
seed=1
Throughput: 60195.7
Latency: 0.0146001
SINR: 4.55164 4.17753 3.70264 3.77207 4.16749 4.73178 4.87563 4.55883 4.25377 4.09523 4.26866 4.38707 4.28448 3.87953 3.44683 3.59528 3.8463 4.10136 4.37568 4.12595 4.34178 4.85034 4.73596 4.436 3.76717 3.26567 3.57333 4.19416 4.56138 4.45571 4.15502 3.85543 3.93065 4.43488 4.36095 4.0111 3.67738 3.34563 3.78684 4.41678 4.50472 4.4696 4.20689 4.26107 4.55874 4.41051 3.98905 3.42359 3.37614 3.95615 4.55713 4.78552 4.35945 
MCS: 9
TBLER: 0.38842
----------------------------------------
seed=2
Throughput: 16.1333
Latency: nan
SINR: 1.01787 1.33374 1.05377 0.863493 0.987113 1.19827 0.771727 0.309739 0.200776 0.304177 0.343558 0.40637 0.617145 0.645525 0.652491 0.800898 0.977567 0.578863 0.329922 0.26234 0.428939 0.245815 0.177639 0.431189 0.799627 0.780577 0.789125 0.729598 0.565064 0.360837 0.21669 0.255151 0.107168 0.0452547 0.285111 0.607988 0.506791 0.497411 0.534754 0.811709 0.632705 0.404136 0.287102 0.215309 0.0923693 0.129841 0.192212 0.138751 0.0857168 0.245437 0.529119 0.472884 0.284847 
MCS: 0
TBLER: 1
----------------------------------------
seed=3
Throughput: 60195.7
Latency: 0.0145959
SINR: 25.6603 11.6468 8.80364 16.912 8.07474 19.3094 4.40898 12.0088 1.27903 10.4277 8.82882 9.25719 0.693312 6.21553 10.679 24.1373 2.38568 5.77881 8.15063 26.9652 15.8833 6.99469 6.30873 11.2319 18.3457 9.82347 8.74564 0.539834 7.14055 3.23038 12.3536 0.498455 0.766615 2.18413 18.5186 5.66116 3.78283 3.14015 24.5653 23.8759 16.9296 3.04204 14.2217 28.7757 19.621 13.2505 2.08656 10.942 6.54427 15.8346 0.991374 1.45847 0.513036 
MCS: 8
TBLER: 0.599057
----------------------------------------
seed=4
Throughput: 60195.7
Latency: 0.0131368
SINR: 8.71015 11.8232 20.4791 34.2001 51.115 68.0744 81.3797 87.9333 86.2196 76.6535 61.3162 43.3816 26.4215 13.6036 6.89156 6.56112 11.299 18.8132 26.6058 32.602 35.5488 35.1975 32.2348 27.9348 23.6429 20.3252 18.3536 17.53 17.2653 16.8395 15.6796 13.5557 10.6082 7.23892 3.98412 1.43256 0.13189 0.427929 2.31137 5.40614 9.11127 12.7618 15.7131 17.419 17.6099 16.4954 14.7769 13.381 13.1035 14.4198 17.4898 22.1698 27.9338 
MCS: 15
TBLER: 0.790373
----------------------------------------
seed=5
Throughput: 60195.7
Latency: 0.0126151
SINR: 64.5698 57.6074 20.5019 12.6462 23.6412 58.45 32.4632 22.7631 0.713154 4.34698 34.8415 56.7585 71.6056 79.3581 92.2603 23.0487 40.1952 21.3913 18.5115 25.6574 31.6647 6.40178 28.8415 46.1093 79.8887 89.3102 63.1892 8.26852 30.7974 37.9672 0.534618 80.0723 41.5653 10.5008 44.9804 101.729 60.4804 19.0861 18.4924 8.16182 7.00927 6.25673 31.9835 20.3288 17.16 6.45254 25.9393 73.0182 55.1418 29.4382 15.6506 5.32766 13.6516 
MCS: 18
TBLER: 0.856667
----------------------------------------
seed=6
Throughput: 60195.7
Latency: 0.0147637
SINR: 5.84614 6.8352 7.80623 8.72044 9.18531 9.27284 8.98394 8.5701 8.39574 9.04346 11.071 14.0681 17.0363 18.5925 18.7935 18.3696 18.3435 18.4666 17.624 15.151 11.3115 7.56767 4.83388 3.45234 2.89736 2.68476 2.408 1.96301 1.45144 1.13311 1.16984 1.28971 1.10245 0.546124 0.264464 0.858422 2.23527 3.53555 4.30723 4.9099 6.36038 8.65324 10.8251 11.5828 10.8566 9.76468 9.21774 9.2851 8.99059 8.01479 6.6245 5.75167 5.70233 
MCS: 8
TBLER: 0.599057
----------------------------------------
seed=7
Throughput: 60195.7
Latency: 0.0120651
SINR: 1384.74 1357.16 1331.38 1307.48 1285.49 1265.47 1247.42 1231.37 1217.31 1205.24 1195.14 1187.02 1180.83 1176.59 1174.26 1173.83 1175.3 1178.66 1183.9 1191.01 1200 1210.85 1223.56 1238.12 1254.49 1272.67 1292.6 1314.24 1337.53 1362.39 1388.73 1416.45 1445.43 1475.53 1506.62 1538.54 1571.13 1604.21 1637.61 1671.16 1704.68 1738.01 1770.97 1803.41 1835.2 1866.21 1896.32 1925.44 1953.48 1980.39 2006.12 2030.64 2053.95 
MCS: 28
TBLER: 0
----------------------------------------
seed=8
Throughput: 60195.7
Latency: 0.0120651
SINR: 5030.96 5800.84 5571.33 4044.65 3345.92 3155.17 2590.69 2498.01 2602.36 3448.06 4943.87 4925.72 4093.47 3714.24 3442.14 4087.9 4811.9 4460.6 4235.48 3731.32 2934.21 3186.48 3449.5 3606.51 4400.73 5012.29 6057.99 6906.83 5564.87 3700.49 2768.79 2534.14 3388.18 3930.99 3820.14 4513.02 4938.32 4810.58 4834.92 4065.25 3409.75 3577.76 3513.09 3817.85 3923.89 2888.01 2456.83 2908.33 3722.44 4873.3 4793.3 4136.67 4408.16 
MCS: 28
TBLER: 0
----------------------------------------
seed=9
Throughput: 60195.7
Latency: 0.0120651
SINR: 4225.65 4260.42 4299.49 4340.86 4382.49 4422.34 4458.47 4489.03 4512.37 4527.05 4531.86 4525.93 4508.66 4479.79 4439.43 4387.97 4326.16 4255.05 4175.93 4090.38 4000.13 3907.09 3813.23 3720.61 3631.22 3547.03 3469.86 3401.37 3342.99 3295.91 3261.01 3238.89 3229.79 3233.62 3249.99 3278.15 3317.06 3365.43 3421.7 3484.13 3550.86 3619.89 3689.22 3756.83 3820.8 3879.3 3930.7 3973.57 4006.73 4029.28 4040.64 4040.55 4029.07 
MCS: 28
TBLER: 0
----------------------------------------
====================================================================================================
distanceStepSize=80
seed=1
Throughput: 60195.7
Latency: 0.0153789
SINR: 2.69258 2.61921 2.46437 2.55737 2.78081 3.01352 3.13396 3.02869 2.95392 2.83534 2.86815 2.85839 2.66802 2.4963 2.2956 2.33363 2.4853 2.56639 2.69319 2.68744 2.77458 3.01273 2.89228 2.70508 2.42695 2.21576 2.42995 2.71732 2.88829 2.82572 2.64024 2.50291 2.52539 2.71813 2.66807 2.3884 2.24054 2.12079 2.34729 2.75997 2.77645 2.75525 2.64798 2.6073 2.72814 2.67805 2.47264 2.23152 2.20502 2.4952 2.78249 2.94124 2.75763 
MCS: 6
TBLER: 0.622549
----------------------------------------
seed=2
Throughput: 16.1333
Latency: nan
SINR: 0.468008 0.713597 0.591188 0.500622 0.554933 0.643406 0.432189 0.171412 0.0771853 0.114759 0.112018 0.137261 0.271253 0.326367 0.385134 0.477289 0.595452 0.435156 0.268275 0.146032 0.218672 0.132026 0.0572072 0.13895 0.324188 0.357514 0.349058 0.345643 0.33332 0.242913 0.111331 0.125544 0.0615602 0.00969626 0.0869606 0.263964 0.271606 0.254271 0.278948 0.48764 0.450061 0.326813 0.279558 0.229229 0.14613 0.0577666 0.0600411 0.050039 0.0309987 0.0928586 0.293284 0.319618 0.25491 
MCS: 0
TBLER: 1
----------------------------------------
seed=3
Throughput: 60195.7
Latency: 0.0150809
SINR: 16.7176 8.21117 5.95539 11.5395 5.36671 12.4339 3.06279 8.12523 0.870857 6.95166 6.00091 6.58024 0.430023 4.85507 7.34079 16.1346 1.95768 4.04494 5.95237 17.9696 10.5708 4.64323 4.45411 7.85971 11.9171 5.99163 6.03441 0.470848 4.68249 2.16691 7.85189 0.27123 0.576096 1.84376 12.6219 3.84761 2.70611 2.12783 17.606 16.4948 11.0883 2.40947 9.94272 19.9862 12.8235 8.67977 1.63803 7.50134 4.34969 10.0726 0.53259 1.02144 0.296372 
MCS: 7
TBLER: 0.144231
----------------------------------------
seed=4
Throughput: 60195.7
Latency: 0.013702
SINR: 7.51266 9.93756 15.9226 25.2696 36.8555 48.5733 57.83 62.4534 61.4278 55.0559 44.67 32.2599 20.1378 10.4951 4.82804 3.50782 5.79378 10.2528 15.2737 19.4418 21.7794 21.9239 20.1839 17.3646 14.4069 12.0401 10.6096 10.0762 10.1048 10.2093 9.94308 9.063 7.57354 5.6586 3.60705 1.78955 0.617308 0.410691 1.24716 2.93215 5.11254 7.39558 9.37808 10.6728 11.055 10.6547 9.96756 9.6044 9.99393 11.3026 13.5508 16.6702 20.3809 
MCS: 13
TBLER: 0.199367
----------------------------------------
seed=5
Throughput: 60095.2
Latency: 0.0134463
SINR: 45.5958 40.5834 14.9395 8.5662 13.9712 40.2223 25.3664 17.0905 0.499256 2.6293 21.6512 37.3991 51.6261 58.8724 62.7882 14.4699 26.5287 15.0222 13.0545 18.6637 21.7876 4.56819 19.0935 32.3795 55.6592 59.0587 41.2921 5.69703 20.9261 25.7768 0.646808 53.0611 30.147 7.52999 33.2206 74.7085 43.3921 13.1138 12.0821 5.3482 4.60781 5.46923 24.5836 14.8714 11.7598 3.71104 18.7492 52.3849 41.6292 21.6308 10.205 3.3745 8.5875 
MCS: 15
TBLER: 0.790373
----------------------------------------
seed=6
Throughput: 60195.7
Latency: 0.0150726
SINR: 3.59858 4.39607 4.79567 4.77129 4.42056 4.29948 4.57779 5.17454 5.74098 6.40006 7.64342 9.69633 12.1273 13.7503 14.0695 13.2015 12.1856 11.4165 10.6093 9.12645 6.79128 4.41982 2.80665 2.36474 2.54031 2.70297 2.44281 1.98669 1.62132 1.4687 1.37162 1.12165 0.727246 0.319332 0.149363 0.335621 0.895795 1.68153 2.5493 3.30828 4.06236 4.83706 5.77963 6.61036 7.00253 6.68783 5.79882 4.94181 4.49403 4.57335 4.68645 4.66408 4.589 
MCS: 7
TBLER: 0.587329
----------------------------------------
seed=7
Throughput: 60195.7
Latency: 0.0120651
SINR: 4284.9 4257.4 4227.73 4196.09 4162.69 4127.73 4091.38 4053.82 4015.2 3975.66 3935.31 3894.27 3852.6 3810.37 3767.64 3724.44 3680.83 3636.82 3592.46 3547.78 3502.82 3457.66 3412.34 3366.97 3321.63 3276.46 3231.58 3187.15 3143.32 3100.28 3058.19 3017.26 2977.65 2939.56 2903.15 2868.57 2835.98 2805.47 2777.15 2751.08 2727.3 2705.81 2686.59 2669.59 2654.72 2641.89 2630.95 2621.77 2614.18 2608.01 2603.09 2599.23 2596.26 
MCS: 28
TBLER: 0
----------------------------------------
seed=8
Throughput: 60195.7
Latency: 0.0120651
SINR: 2285.03 2919.78 4242.41 4876.16 4441.65 4396.55 4221.23 3658.16 3131.6 2253.03 2208.29 3226.37 3626.11 3565.78 3236.61 2708.87 3090.23 3613.63 3728.31 4111.38 3860.74 3182.59 3029.24 2653.98 2348.78 2409.52 2553.13 3825.24 5334.58 5389.3 4745.64 3731.37 2880.84 3066.05 3020.84 2738.44 3180.88 3559.34 4045.96 4539.43 4115.5 3814.9 3793.55 3592.22 4153.51 4503.38 3741.07 3010.39 2459.55 2573.89 3482.05 3627.6 3598.06 
MCS: 28
TBLER: 0
----------------------------------------
seed=9
Throughput: 60195.7
Latency: 0.0120651
SINR: 4721.91 4720.4 4729.09 4747.65 4775.49 4811.73 4855.29 4904.88 4959.01 5016.08 5074.38 5132.18 5187.71 5239.29 5285.29 5324.23 5354.83 5375.97 5386.81 5386.76 5375.49 5352.99 5319.51 5275.61 5222.08 5160 5090.64 5015.48 4936.12 4854.29 4771.77 4690.35 4611.8 4537.78 4469.86 4409.43 4357.66 4315.52 4283.71 4262.64 4252.46 4253.01 4263.86 4284.3 4313.39 4349.94 4392.59 4439.83 4490.01 4541.45 4592.42 4641.23 4686.27 
MCS: 28
TBLER: 0
----------------------------------------
====================================================================================================
distanceStepSize=90
seed=1
Throughput: 60195.7
Latency: 0.0187871
SINR: 1.7163 1.74938 1.72796 1.80236 1.89581 1.99749 2.0901 2.04932 2.06883 2.02315 1.97227 1.94189 1.76402 1.65206 1.62088 1.599 1.65428 1.68618 1.71578 1.76313 1.83455 1.9209 1.84323 1.76237 1.63683 1.54058 1.69688 1.84172 1.90156 1.89524 1.7288 1.65833 1.70655 1.73614 1.68512 1.49814 1.39313 1.39581 1.54875 1.77129 1.79612 1.76397 1.7014 1.65795 1.73511 1.7299 1.64317 1.52434 1.46085 1.63021 1.80429 1.88343 1.80893 
MCS: 4
TBLER: 0.488027
----------------------------------------
seed=2
Throughput: 16.1333
Latency: nan
SINR: 0.229533 0.384317 0.326832 0.285737 0.292119 0.321527 0.236648 0.0951843 0.0303851 0.0383313 0.0329673 0.0505129 0.127333 0.178397 0.241324 0.274815 0.358793 0.305371 0.200752 0.0928322 0.118924 0.0854406 0.0264543 0.0289787 0.110253 0.146037 0.140998 0.15479 0.187938 0.155668 0.0710797 0.0702505 0.0448145 0.00871125 0.0164819 0.104603 0.140219 0.128921 0.144217 0.278087 0.314675 0.272176 0.268514 0.22811 0.19544 0.0863335 0.0410505 0.0262116 0.0186572 0.0343746 0.157942 0.215264 0.222144 
MCS: 0
TBLER: 1
----------------------------------------
seed=3
Throughput: 60195.7
Latency: 0.0155233
SINR: 11.2988 5.85672 4.1783 8.16883 3.71847 8.33417 2.1861 5.71316 0.632751 4.85043 4.22985 4.76251 0.285945 3.77507 5.2289 11.1814 1.55092 2.92022 4.43141 12.4617 7.22215 3.20055 3.26092 5.64401 8.04614 3.85583 4.26602 0.402141 3.21226 1.53534 5.23823 0.152964 0.430762 1.50873 8.92721 2.72196 1.97273 1.48642 12.8568 11.6875 7.54 1.89108 7.1317 14.2375 8.71374 5.90995 1.27669 5.33798 3.00651 6.67701 0.309628 0.733353 0.175003 
MCS: 6
TBLER: 0.622549
----------------------------------------
seed=4
Throughput: 60195.7
Latency: 0.0135592
SINR: 6.63337 8.35502 12.4057 18.7579 26.717 34.8202 41.2354 44.4703 43.8721 39.6486 32.6189 24.0186 15.3756 8.24282 3.75246 2.26005 3.34135 6.08865 9.44217 12.4063 14.2127 14.4967 13.3975 11.4542 9.33387 7.57268 6.45746 6.02228 6.08744 6.33425 6.43203 6.16568 5.47999 4.4402 3.19357 1.97233 1.07279 0.751903 1.10507 2.04202 3.3659 4.84191 6.1977 7.14625 7.52034 7.42535 7.21638 7.27436 7.79929 8.81991 10.3375 12.3534 14.7179 
MCS: 12
TBLER: 0.773343
----------------------------------------
seed=5
Throughput: 60195.7
Latency: 0.013414
SINR: 32.7228 29.1046 11.0229 5.95875 8.66153 28.3342 19.728 12.974 0.355139 1.67968 14.2101 25.5731 37.7009 43.8526 43.8847 9.54918 18.1241 10.7115 9.40445 13.8558 15.5273 3.34847 13.1777 23.4553 39.7229 40.081 27.7622 4.02304 14.5119 17.9661 0.669768 36.5851 22.1675 5.41401 24.87 55.6862 31.5741 9.22408 8.1492 3.65302 3.10242 4.57512 19.0664 11.0329 8.26539 2.22114 13.7729 38.195 31.5938 16.1107 6.90727 2.26226 5.75508 
MCS: 13
TBLER: 0.199367
----------------------------------------
seed=6
Throughput: 57884.9
Latency: 0.0170677
SINR: 2.27225 2.76706 2.7631 2.40138 2.0538 2.20275 2.82771 3.60207 4.13681 4.61854 5.54842 7.19703 9.11448 10.291 10.2142 9.07179 7.83609 7.01025 6.46172 5.58721 4.1711 2.72752 1.89788 1.9306 2.32513 2.52475 2.27343 1.87494 1.59311 1.46372 1.27761 0.928407 0.535475 0.243099 0.126124 0.172804 0.447792 0.995714 1.70359 2.25023 2.52837 2.70787 3.21716 4.00693 4.57901 4.33634 3.36469 2.48198 2.38151 3.02604 3.61206 3.6812 3.48758 
MCS: 6
TBLER: 0.622549
----------------------------------------
seed=7
Throughput: 60195.7
Latency: 0.0125651
SINR: 24.6372 28.345 30.307 30.4924 29.6701 30.0538 32.5134 35.0451 36.5088 37.862 39.4256 40.8433 41.7832 41.0348 37.9929 34.3543 32.1907 32.1837 33.8533 35.5288 35.0976 32.1162 28.3804 25.9261 25.0454 24.7547 24.4257 24.0806 24.1403 25.1864 26.5902 26.4281 24.0379 20.6662 17.5637 15.7159 15.9035 17.2916 18.1624 18.1397 17.6612 16.9588 16.7897 17.6391 18.4636 18.6031 19.2252 21.4167 24.976 28.9414 31.6641 31.8776 30.4083 
MCS: 19
TBLER: 0.830929
----------------------------------------
seed=8
Throughput: 60195.7
Latency: 0.0120651
SINR: 2910.78 2285.98 1461.26 1371.69 1769.05 1891.88 2246.7 2657.97 3059.63 3528.05 3028.74 2112.97 1983.78 2155.8 2501.03 2702.64 2215.68 1939.7 1944.24 1847.46 2253.63 2636.32 2681.4 2968.11 2986.44 2783.17 2567.27 1681.35 993.338 1292.4 1909.06 2620.23 2836.7 2459.3 2546.17 2612.97 2174.91 1899.95 1606.69 1540.59 1953.62 2048.29 2071.66 2119.71 1781.06 1947.19 2596.76 2947.04 3113.4 2665.04 1961.58 1993.69 1968.63 
MCS: 28
TBLER: 0
----------------------------------------
seed=9
Throughput: 60195.7
Latency: 0.0120651
SINR: 969.541 959.295 946.067 930.256 912.343 892.869 872.43 851.651 831.178 811.653 793.7 777.91 764.816 754.888 748.513 745.988 747.507 753.161 762.928 776.681 794.183 815.099 839.003 865.387 893.679 923.253 953.452 983.601 1013.03 1041.08 1067.14 1090.65 1111.13 1128.17 1141.47 1150.81 1156.11 1157.38 1154.75 1148.46 1138.85 1126.36 1111.49 1094.83 1077.01 1058.69 1040.55 1023.27 1007.49 993.834 982.842 974.995 970.683 
MCS: 28
TBLER: 0
----------------------------------------
====================================================================================================
distanceStepSize=100
seed=1
Throughput: 60195.7
Latency: 0.0232721
SINR: 1.16337 1.24589 1.26334 1.31786 1.34397 1.36966 1.43917 1.42388 1.45478 1.46442 1.39756 1.33959 1.21725 1.12298 1.16969 1.14553 1.13664 1.1443 1.14049 1.18682 1.25102 1.27954 1.22775 1.21194 1.15123 1.09951 1.1963 1.29039 1.28513 1.30228 1.17211 1.11502 1.19409 1.16758 1.09808 0.981616 0.906647 0.940027 1.07245 1.17545 1.19681 1.17144 1.12923 1.0929 1.16029 1.1904 1.14049 1.08342 0.995872 1.0867 1.21962 1.25826 1.2054 
MCS: 2
TBLER: 0.60782
----------------------------------------
seed=2
Throughput: 16.1333
Latency: nan
SINR: 0.12244 0.209459 0.181162 0.163116 0.147535 0.156163 0.128443 0.0516564 0.0125575 0.010145 0.00909187 0.0230447 0.0659134 0.104694 0.151784 0.152347 0.212168 0.19778 0.138621 0.0649487 0.0687987 0.0610755 0.0235711 0.00438219 0.0265496 0.0505764 0.0517079 0.0674253 0.100942 0.0952938 0.052787 0.0453771 0.0367702 0.0147259 0.00152699 0.0353245 0.0687448 0.0669772 0.0776324 0.154614 0.218951 0.228915 0.250433 0.215232 0.212693 0.117084 0.0500875 0.0243551 0.0180316 0.0160892 0.0841015 0.144763 0.184378 
MCS: 0
TBLER: 1
----------------------------------------
seed=3
Throughput: 60195.7
Latency: 0.0166068
SINR: 7.88639 4.2461 3.0239 5.96952 2.66516 5.78515 1.59898 4.15052 0.481726 3.5063 3.07003 3.51549 0.203402 2.94825 3.83594 7.98733 1.21526 2.16391 3.36259 8.92908 5.06278 2.27503 2.45576 4.15366 5.62201 2.59212 3.08801 0.341214 2.28921 1.1282 3.63574 0.0896456 0.325303 1.21811 6.50251 1.9849 1.46488 1.06889 9.56488 8.48437 5.29296 1.48491 5.24252 10.3924 6.11886 4.15456 0.996186 3.92092 2.14466 4.58669 0.192277 0.540259 0.106272 
MCS: 5
TBLER: 0.655303
----------------------------------------
seed=4
Throughput: 60095.2
Latency: 0.0144497
SINR: 5.8377 6.97041 9.66406 13.9786 19.4639 25.0779 29.5252 31.7931 31.4638 28.6611 23.8679 17.8564 11.6679 6.42691 2.98495 1.64321 2.15514 3.93594 6.26905 8.431 9.81665 10.1055 9.36322 7.96519 6.38724 5.02047 4.09782 3.69086 3.71727 3.97203 4.21211 4.25533 4.02175 3.51333 2.79624 2.01318 1.37215 1.06931 1.19802 1.72886 2.5567 3.53377 4.46373 5.13352 5.43068 5.44849 5.43734 5.62237 6.07896 6.79029 7.77231 9.06283 10.572 
MCS: 11
TBLER: 0.639304
----------------------------------------
seed=5
Throughput: 60195.7
Latency: 0.0135575
SINR: 23.9087 21.2633 8.25855 4.25363 5.59115 20.434 15.4047 9.97824 0.257558 1.12231 9.73507 18.0442 27.9615 33.0038 31.4647 6.56305 12.7403 7.77084 6.91931 10.4824 11.4062 2.51188 9.4222 17.4451 28.9809 27.8876 19.1854 2.91203 10.2789 12.8196 0.639232 26.0715 16.5572 3.93312 18.9046 42.1544 23.3531 6.63799 5.65338 2.58527 2.13589 3.76079 14.9271 8.31394 5.94186 1.37743 10.2889 28.338 24.2328 12.1788 4.82753 1.58905 4.05566 
MCS: 12
TBLER: 0.117716
----------------------------------------
seed=6
Throughput: 60195.7
Latency: 0.0188931
SINR: 1.48008 1.77866 1.5908 1.15927 0.958959 1.31352 2.02852 2.67184 3.00616 3.33832 4.15015 5.54712 6.98499 7.64342 7.21446 6.07815 5.04662 4.49699 4.21378 3.69223 2.80143 1.93878 1.57497 1.79139 2.17223 2.30234 2.07357 1.73871 1.48643 1.30762 1.06375 0.732519 0.42818 0.231761 0.136973 0.129981 0.301648 0.715201 1.23579 1.55965 1.58888 1.56875 1.89722 2.53842 2.97988 2.70606 1.86729 1.23743 1.41054 2.19113 2.78388 2.77045 2.53065 
MCS: 4
TBLER: 0.488027
----------------------------------------
seed=7
Throughput: 60195.7
Latency: 0.0125984
SINR: 16.7097 19.4049 20.7025 20.9513 20.5129 20.7956 22.8734 25.1285 26.1333 26.8656 27.9701 29.1113 30.2049 30.3195 28.4603 25.8509 24.3998 24.56 25.8322 27.054 26.701 24.4371 21.5968 19.782 19.3186 19.2973 19.0535 18.6893 18.517 19.0294 20.1097 20.2297 18.457 15.8882 13.7089 12.3653 12.4043 13.4403 13.9895 13.6888 13.1982 12.6067 12.2323 12.7328 13.4503 13.5127 13.7448 15.138 17.4448 20.027 21.9118 22.0569 20.9405 
MCS: 18
TBLER: 0.856667
----------------------------------------
seed=8
Throughput: 60195.7
Latency: 0.01301
SINR: 18.2628 2.23351 9.3259 23.6216 26.4104 21.2903 4.5876 3.27838 17.369 21.8243 16.4597 7.59219 3.1799 17.9693 33.4651 23.3981 8.92975 3.30875 13.4174 26.8009 27.2941 13.405 3.58752 5.88874 23.3005 36.7147 15.1274 3.07915 5.14337 15.0176 25.3623 22.469 5.78191 5.30602 18.1984 27.0062 27.1489 9.84067 1.07271 12.187 18.2344 18.3893 15.0554 1.45916 7.30335 25.9317 23.0393 16.8535 7.35577 3.79576 17.4601 25.4444 13.522 
MCS: 14
TBLER: 0.927536
----------------------------------------
seed=9
Throughput: 60195.7
Latency: 0.0120651
SINR: 2236.2 2251.09 2263.13 2271.79 2276.6 2277.18 2273.29 2264.79 2251.64 2233.96 2211.95 2185.93 2156.35 2123.72 2088.63 2051.75 2013.79 1975.48 1937.54 1900.72 1865.69 1833.1 1803.53 1777.47 1755.31 1737.35 1723.77 1714.62 1709.87 1709.34 1712.74 1719.71 1729.76 1742.34 1756.86 1772.64 1789.01 1805.28 1820.77 1834.84 1846.88 1856.36 1862.84 1865.93 1865.39 1861.06 1852.9 1840.99 1825.5 1806.72 1785.04 1760.94 1734.95 
MCS: 28
TBLER: 0
----------------------------------------
====================================================================================================
distanceStepSize=110
seed=1
Throughput: 45326.6
Latency: 0.0389376
SINR: 0.8282 0.929436 0.961128 0.98653 0.986909 0.970847 1.01063 1.01423 1.0328 1.06431 1.0197 0.941383 0.857871 0.790246 0.853728 0.846801 0.809334 0.800011 0.785327 0.826949 0.878775 0.883907 0.857134 0.868627 0.835751 0.805874 0.852614 0.918464 0.896276 0.904822 0.817513 0.767689 0.852922 0.823635 0.742231 0.665021 0.617126 0.652242 0.764656 0.809833 0.820165 0.804735 0.776055 0.750848 0.80556 0.862246 0.824473 0.785916 0.701228 0.733929 0.840641 0.87172 0.816223 
MCS: 0
TBLER: 0.271552
----------------------------------------
seed=2
Throughput: 16.1333
Latency: nan
SINR: 0.0717626 0.11805 0.103196 0.0943545 0.0741159 0.0782072 0.069776 0.0269155 0.00548631 0.00176044 0.00355498 0.0137924 0.0379081 0.0633165 0.0918613 0.081755 0.121461 0.117934 0.0882432 0.0473569 0.0425873 0.0454652 0.026349 0.0089454 0.00202774 0.0127698 0.0165217 0.0294778 0.0521834 0.0566109 0.0422775 0.0337945 0.0325139 0.0198209 0.00663874 0.00937393 0.0327349 0.0357837 0.0458218 0.0858811 0.152203 0.190802 0.225834 0.198236 0.204385 0.129611 0.0604778 0.0298603 0.0203952 0.0149214 0.0467164 0.097636 0.14495 
MCS: 0
TBLER: 1
----------------------------------------
seed=3
Throughput: 60195.7
Latency: 0.0189841
SINR: 5.66064 3.13233 2.2469 4.48163 1.96453 4.13818 1.19508 3.09891 0.379196 2.60721 2.2826 2.64436 0.153181 2.32136 2.88426 5.85434 0.951967 1.63946 2.5973 6.57487 3.63457 1.65949 1.89206 3.12602 4.04727 1.80624 2.28438 0.289543 1.68434 0.850873 2.60707 0.0546932 0.249323 0.9796 4.85225 1.4827 1.10675 0.789161 7.24237 6.29619 3.81793 1.17216 3.94086 7.75689 4.41827 3.00041 0.781864 2.95837 1.57089 3.24865 0.126236 0.407679 0.0666868 
MCS: 4
TBLER: 0.488027
----------------------------------------
seed=4
Throughput: 59693.3
Latency: 0.0152418
SINR: 5.07761 5.76806 7.53419 10.47 14.2681 18.174 21.2724 22.8785 22.7178 20.8464 17.536 13.28 8.81219 4.96125 2.36548 1.26642 1.5199 2.74174 4.43205 6.04993 7.11836 7.37274 6.84641 5.80624 4.5927 3.49274 2.69806 2.29982 2.27569 2.49549 2.77885 2.97341 2.99219 2.80476 2.43052 1.95342 1.51695 1.26894 1.29503 1.59949 2.12815 2.78171 3.4137 3.86895 4.07843 4.12319 4.17522 4.3605 4.69505 5.15745 5.77952 6.60923 7.58252 
MCS: 8
TBLER: 0.599057
----------------------------------------
seed=5
Throughput: 60195.7
Latency: 0.0147387
SINR: 17.7806 15.8128 6.28541 3.10967 3.73431 15.0637 12.1247 7.77809 0.190627 0.778484 6.90237 13.0767 21.0675 25.1546 23.0916 4.66381 9.17491 5.73593 5.19276 8.06756 8.59821 1.92254 6.9403 13.2683 21.5684 19.8545 13.5971 2.15754 7.43022 9.34093 0.584003 19.1011 12.5626 2.89583 14.5895 32.3953 17.5608 4.87964 4.02015 1.88594 1.50099 3.07589 11.8012 6.36372 4.35976 0.881558 7.8117 21.3856 18.8184 9.34325 3.46852 1.15932 2.97256 
MCS: 8
TBLER: 0.162162
----------------------------------------
seed=6
Throughput: 60195.7
Latency: 0.0231043
SINR: 0.991225 1.18875 0.960935 0.56345 0.472013 0.900685 1.57005 2.03133 2.18208 2.39984 3.13011 4.31776 5.37116 5.63266 5.01684 4.03799 3.33857 3.11058 3.0291 2.70465 2.10754 1.59522 1.48129 1.73691 2.02704 2.07943 1.87949 1.59766 1.35109 1.11885 0.858055 0.59216 0.39134 0.259325 0.164307 0.130293 0.264181 0.596581 0.967175 1.12616 1.03645 0.961629 1.19594 1.67159 1.94195 1.66184 1.02156 0.648693 0.941767 1.64167 2.09282 2.00595 1.77796 
MCS: 2
TBLER: 0.127146
----------------------------------------
seed=7
Throughput: 60195.7
Latency: 0.0131586
SINR: 11.5652 13.6277 14.5269 14.7892 14.6545 14.8619 16.4632 18.3788 19.1078 19.4535 20.2974 21.2853 22.3414 22.8981 21.8441 19.896 18.826 19.0454 19.9913 20.8628 20.6199 18.9578 16.8335 15.4752 15.1826 15.2229 15.0053 14.6475 14.3742 14.5474 15.3374 15.6408 14.3945 12.4104 10.8336 9.84154 9.72612 10.433 10.8084 10.4228 9.98123 9.56725 9.14339 9.35767 9.96441 10.0451 10.0483 10.9062 12.4248 14.0994 15.4294 15.6249 14.8271 
MCS: 15
TBLER: 0.10739
----------------------------------------
seed=8
Throughput: 60195.7
Latency: 0.0135617
SINR: 12.9859 1.595 6.36107 16.6163 18.8509 15.1536 3.30972 2.27014 11.9659 15.4228 11.7668 5.41552 2.116 12.372 23.4596 16.8401 6.51627 2.27235 9.44897 18.7537 19.1726 9.51726 2.56528 3.96092 16.3814 25.9639 10.8146 2.21613 3.45511 10.6104 18.1486 16.2008 4.11127 3.59136 12.4869 18.8828 19.329 7.22309 0.704029 8.44474 12.8182 12.9532 10.7559 1.02975 5.04457 18.1966 16.3215 12.0347 5.25871 2.57428 12.2374 18.3147 9.75878 
MCS: 12
TBLER: 0.117716
----------------------------------------
seed=9
Throughput: 60195.7
Latency: 0.0120651
SINR: 917.021 908.998 898.842 886.69 872.734 857.214 840.41 822.634 804.228 785.549 766.96 748.824 731.491 715.293 700.529 687.463 676.315 667.256 660.4 655.809 653.483 653.367 655.35 659.268 664.911 672.027 680.33 689.509 699.237 709.178 718.999 728.377 737.011 744.63 750.998 755.922 759.258 760.917 760.86 759.109 755.74 750.879 744.706 737.443 729.348 720.713 711.85 703.083 694.742 687.148 680.611 675.412 671.803 
MCS: 28
TBLER: 0
----------------------------------------
====================================================================================================
distanceStepSize=120
seed=1
Throughput: 16.1333
Latency: nan
SINR: 0.612343 0.710415 0.752826 0.752067 0.742059 0.711344 0.721253 0.739497 0.746699 0.780374 0.76145 0.681248 0.611301 0.574426 0.628527 0.63697 0.593633 0.573991 0.555713 0.592257 0.637059 0.627764 0.626123 0.645775 0.624276 0.604817 0.62093 0.6586 0.644297 0.636343 0.579695 0.543636 0.616571 0.602529 0.519443 0.465202 0.434265 0.468781 0.557799 0.579071 0.579677 0.5717 0.55065 0.535885 0.578909 0.6432 0.619719 0.575338 0.507245 0.501734 0.585088 0.620316 0.566672 
MCS: 0
TBLER: 1
----------------------------------------
seed=2
Throughput: 16.1333
Latency: nan
SINR: 0.0466715 0.0711757 0.0624931 0.0569174 0.0400812 0.043987 0.038809 0.0136593 0.0024275 0.000503295 0.00346519 0.0100436 0.0237524 0.0377568 0.0522344 0.0428829 0.0663463 0.0644397 0.0514468 0.0343502 0.028522 0.0345882 0.0278408 0.017645 0.001391 0.00135986 0.00407681 0.0133962 0.0272047 0.0334749 0.0346661 0.0281254 0.0304805 0.0229519 0.0156554 0.00398786 0.0172871 0.0197365 0.0300416 0.049223 0.105818 0.155442 0.196314 0.180679 0.183131 0.126941 0.0661835 0.0375261 0.0238672 0.0199321 0.0299015 0.0671108 0.108468 
MCS: 0
TBLER: 1
----------------------------------------
seed=3
Throughput: 60195.7
Latency: 0.0205417
SINR: 4.16279 2.35014 1.70758 3.44242 1.48263 3.03719 0.910326 2.36747 0.305826 1.98384 1.73195 2.02368 0.120592 1.84526 2.21443 4.38669 0.749178 1.26604 2.03886 4.95463 2.66616 1.23761 1.48562 2.40023 2.99005 1.29676 1.72324 0.246487 1.27297 0.654548 1.92081 0.0347874 0.194108 0.788693 3.69513 1.12977 0.849567 0.59644 5.57381 4.76499 2.81919 0.932326 3.02207 5.90669 3.2675 2.21761 0.618722 2.28348 1.17709 2.36231 0.0868922 0.314303 0.0434898 
MCS: 3
TBLER: 0.712291
----------------------------------------
seed=4
Throughput: 60195.7
Latency: 0.0151744
SINR: 4.36118 4.74205 5.88624 7.89193 10.5387 13.275 15.454 16.6102 16.5532 15.29 12.9655 9.90567 6.6451 3.80276 1.85702 0.997328 1.14008 2.02732 3.29876 4.54023 5.37524 5.59176 5.20746 4.41339 3.45396 2.54319 1.84265 1.45229 1.3852 1.55957 1.83977 2.09915 2.2529 2.25535 2.09892 1.82894 1.54318 1.35327 1.33534 1.51023 1.85091 2.28683 2.70797 3.00432 3.1375 3.17443 3.22983 3.37019 3.58856 3.87306 4.26405 4.80519 5.4438 
MCS: 7
TBLER: 0.587329
----------------------------------------
seed=5
Throughput: 60195.7
Latency: 0.0149641
SINR: 13.4457 11.9542 4.8563 2.32268 2.56739 11.3287 9.63434 6.14273 0.143967 0.557288 5.03309 9.69686 16.1142 19.4252 17.3046 3.40751 6.74667 4.30437 3.96858 6.30605 6.62585 1.49754 5.24166 10.2855 16.3411 14.4331 9.85809 1.63305 5.47356 6.93437 0.520896 14.327 9.67559 2.16278 11.4216 25.2514 13.416 3.65739 2.92164 1.41203 1.0749 2.51859 9.42158 4.94432 3.25903 0.580321 6.02087 16.3985 14.7991 7.26907 2.55257 0.872297 2.24683 
MCS: 7
TBLER: 0.144231
----------------------------------------
seed=6
Throughput: 60195.7
Latency: 0.0261602
SINR: 0.676534 0.816739 0.616631 0.29133 0.258616 0.671995 1.24342 1.55863 1.58735 1.71765 2.34943 3.34163 4.11457 4.1369 3.47814 2.70039 2.30832 2.33433 2.38557 2.16672 1.73166 1.42162 1.43256 1.67401 1.87143 1.86495 1.68735 1.4453 1.20411 0.950099 0.710735 0.522147 0.405401 0.305846 0.199007 0.14969 0.270531 0.550455 0.812153 0.860448 0.716517 0.633107 0.808898 1.14647 1.28592 1.02733 0.568726 0.380114 0.689027 1.23791 1.53463 1.41318 1.22219 
MCS: 1
TBLER: 0.196904
----------------------------------------
seed=7
Throughput: 60195.7
Latency: 0.0128405
SINR: 8.14567 9.78522 10.4605 10.7082 10.7729 10.9373 12.0927 13.6616 14.2435 14.3723 15.0423 15.9354 16.8751 17.6022 17.0972 15.6179 14.7394 14.9521 15.6613 16.276 16.1438 14.9689 13.3874 12.3485 12.1126 12.1175 11.9017 11.5787 11.2832 11.25 11.7941 12.1904 11.3701 9.83193 8.64053 7.88677 7.66046 8.0967 8.37677 8.01462 7.63749 7.38173 6.99103 6.99166 7.47153 7.60436 7.49737 7.98717 9.00221 10.0986 11.0504 11.3168 10.7855 
MCS: 14
TBLER: 0.18511
----------------------------------------
seed=8
Throughput: 60195.7
Latency: 0.014439
SINR: 9.45841 1.1781 4.4583 11.9707 13.7759 11.0319 2.45057 1.61658 8.43556 11.1354 8.6002 3.9541 1.4581 8.75356 16.8401 12.3972 4.86145 1.61699 6.82008 13.4466 13.8013 6.9182 1.88792 2.73217 11.7948 18.786 7.90712 1.64082 2.38748 7.67558 13.2711 11.9411 3.00434 2.51151 8.80618 13.5289 14.0697 5.42184 0.475823 5.9904 9.22726 9.33778 7.85282 0.750149 3.57404 13.067 11.8463 8.80428 3.86166 1.80266 8.7688 13.4652 7.1973 
MCS: 8
TBLER: 0.162162
----------------------------------------
seed=9
Throughput: 60195.7
Latency: 0.0120651
SINR: 2218.23 2232.48 2245.63 2257.3 2267.18 2274.96 2280.4 2283.29 2283.51 2280.96 2275.64 2267.58 2256.88 2243.72 2228.31 2210.91 2191.82 2171.39 2149.96 2127.92 2105.65 2083.51 2061.86 2041.05 2021.36 2003.06 1986.36 1971.43 1958.36 1947.2 1937.94 1930.52 1924.8 1920.62 1917.74 1915.91 1914.85 1914.22 1913.72 1913.01 1911.77 1909.69 1906.48 1901.89 1895.72 1887.8 1878.01 1866.3 1852.66 1837.16 1819.9 1801.05 1780.82 
MCS: 28
TBLER: 0
----------------------------------------
====================================================================================================
distanceStepSize=130
seed=1
Throughput: 16.1333
Latency: nan
SINR: 0.46491 0.549581 0.599672 0.58508 0.568759 0.538157 0.525932 0.553134 0.552824 0.582714 0.577724 0.509137 0.438828 0.426508 0.464155 0.48218 0.444297 0.42034 0.403494 0.432783 0.47753 0.458787 0.476787 0.496437 0.48056 0.462206 0.464702 0.474978 0.472492 0.454107 0.414471 0.394704 0.449605 0.453158 0.374606 0.33741 0.313945 0.348407 0.416232 0.428943 0.421713 0.41874 0.401513 0.39229 0.430531 0.486447 0.48076 0.425186 0.375692 0.348142 0.412111 0.450652 0.406277 
MCS: 0
TBLER: 1
----------------------------------------
seed=2
Throughput: 16.1333
Latency: nan
SINR: 0.0339715 0.0473302 0.0417192 0.037859 0.0267386 0.0298158 0.0233065 0.00748174 0.00108504 0.00100778 0.00452035 0.00812991 0.0157757 0.0215903 0.0278503 0.0223606 0.034143 0.0318187 0.027095 0.0239423 0.0206528 0.0269956 0.0270798 0.0227107 0.00774325 0.000868658 0.000504836 0.00654478 0.0156607 0.0205247 0.0283182 0.0250171 0.0297495 0.0249354 0.0225576 0.00763471 0.0130459 0.0119527 0.0210627 0.0303232 0.0736973 0.122808 0.164397 0.163027 0.158397 0.115892 0.0675599 0.045175 0.0283128 0.0258382 0.023992 0.0484087 0.0783161 
MCS: 0
TBLER: 1
----------------------------------------
seed=3
Throughput: 60195.7
Latency: 0.0231677
SINR: 3.12663 1.79151 1.32311 2.69621 1.14167 2.27894 0.705087 1.84415 0.251181 1.53874 1.33721 1.57289 0.0980963 1.48126 1.73083 3.35037 0.593644 0.993993 1.62394 3.80851 1.99406 0.940923 1.18537 1.87606 2.25927 0.954701 1.32285 0.210803 0.984098 0.51158 1.44786 0.0230881 0.153403 0.637454 2.86327 0.875486 0.661674 0.460177 4.35387 3.66952 2.12452 0.747912 2.35882 4.5786 2.46694 1.67231 0.494185 1.79711 0.899666 1.75735 0.0622727 0.246918 0.0296764 
MCS: 2
TBLER: 0.60782
----------------------------------------
seed=4
Throughput: 56980.7
Latency: 0.017334
SINR: 3.70517 3.88074 4.61386 5.99244 7.85229 9.78805 11.3415 12.1915 12.196 11.3302 9.66589 7.42874 5.0192 2.9049 1.44552 0.789119 0.888788 1.56695 2.55553 3.53123 4.1961 4.38216 4.09787 3.47963 2.7039 1.93415 1.30961 0.931779 0.83307 0.96279 1.2179 1.49384 1.71241 1.82222 1.80056 1.66765 1.48939 1.35056 1.31709 1.41609 1.63454 1.92069 2.19283 2.37527 2.44928 2.46721 2.50333 2.59051 2.7171 2.88276 3.12915 3.48988 3.91865 
MCS: 6
TBLER: 0.622549
----------------------------------------
seed=5
Throughput: 60195.7
Latency: 0.0150801
SINR: 10.3255 9.17363 3.80514 1.76844 1.80945 8.67401 7.73191 4.91126 0.110862 0.409768 3.75658 7.33501 12.4994 15.1939 13.2116 2.54857 5.05253 3.28023 3.08354 4.99847 5.2032 1.18465 4.04344 8.10467 12.5807 10.6911 7.29414 1.26019 4.1027 5.23426 0.458542 10.9647 7.55674 1.6383 9.06051 19.9431 10.4023 2.78987 2.16454 1.08114 0.783233 2.07104 7.59356 3.89558 2.47791 0.391869 4.70505 12.7606 11.7803 5.72951 1.91828 0.673102 1.74028 
MCS: 7
TBLER: 0.587329
----------------------------------------
seed=6
Throughput: 60195.7
Latency: 0.0295918
SINR: 0.470044 0.565454 0.411537 0.167313 0.164099 0.517839 0.977939 1.19455 1.16224 1.2321 1.74756 2.55134 3.12372 3.03553 2.42947 1.84422 1.68054 1.86802 1.99732 1.83552 1.49077 1.28903 1.3568 1.57415 1.7053 1.66026 1.49255 1.27828 1.05384 0.817247 0.624871 0.505045 0.440988 0.351589 0.233598 0.179094 0.294199 0.533208 0.71586 0.694435 0.530587 0.451467 0.585563 0.819932 0.876584 0.653293 0.335219 0.258652 0.533179 0.932146 1.10619 0.978797 0.829284 
MCS: 0
TBLER: 0.554276
----------------------------------------
seed=7
Throughput: 60195.7
Latency: 0.0134181
SINR: 5.82726 7.16243 7.71718 7.94271 8.11692 8.25898 9.04964 10.2949 10.8012 10.8277 11.3638 12.1827 12.9909 13.7302 13.5879 12.47 11.6866 11.8506 12.3996 12.8361 12.7967 12.0062 10.8274 10.0063 9.78286 9.7218 9.49475 9.22164 8.9492 8.79807 9.14612 9.56939 9.07518 7.88833 6.94672 6.3478 6.05826 6.29232 6.51501 6.22477 5.91232 5.77039 5.44799 5.3079 5.65497 5.83574 5.69842 5.93738 6.62082 7.3578 8.04903 8.36621 8.04655 
MCS: 13
TBLER: 0.643308
----------------------------------------
seed=8
Throughput: 60195.7
Latency: 0.0149749
SINR: 7.03344 0.894113 3.20112 8.80626 10.2769 8.19126 1.85404 1.18048 6.07276 8.19672 6.41067 2.94518 1.03591 6.34468 12.3461 9.3101 3.69796 1.18606 5.03066 9.85216 10.1497 5.13285 1.4227 1.92821 8.67475 13.8718 5.89731 1.24397 1.69214 5.67133 9.89589 8.97575 2.24772 1.80718 6.36098 9.90416 10.444 4.14937 0.330274 4.33995 6.78375 6.87272 5.84505 0.561741 2.59044 9.57871 8.78396 6.57777 2.90114 1.2982 6.40993 10.0883 5.41197 
MCS: 7
TBLER: 0.144231
----------------------------------------
seed=9
Throughput: 60195.7
Latency: 0.0167846
SINR: 3.52063 2.7551 3.14392 5.03874 2.15904 0.367589 0.842034 0.918944 0.747998 0.50916 1.5629 3.36244 3.73534 2.51473 5.59746 9.49838 5.67459 1.64604 3.46346 4.64204 1.69033 0.978432 4.23263 2.65201 0.69641 1.11494 0.288744 0.197312 2.28241 2.77336 6.16585 6.02397 4.71457 2.40225 2.28308 7.12596 16.9927 17.6052 7.55535 1.33325 0.669896 0.0362974 2.05051 2.92663 3.53842 4.01705 2.00074 1.54534 6.1091 6.40089 3.19742 1.79235 1.03407 
MCS: 5
TBLER: 0.655303
----------------------------------------
====================================================================================================
distanceStepSize=140
seed=1
Throughput: 16.1333
Latency: nan
SINR: 0.35979 0.429944 0.482556 0.466495 0.445693 0.418855 0.394255 0.424958 0.418498 0.445191 0.442027 0.390263 0.316836 0.319921 0.341895 0.365644 0.337514 0.31359 0.301852 0.322297 0.369589 0.346562 0.375953 0.391537 0.380752 0.35691 0.356471 0.344989 0.349403 0.329268 0.298769 0.292639 0.33163 0.349374 0.277478 0.2545 0.232658 0.265349 0.316631 0.327561 0.313278 0.314077 0.299639 0.290935 0.331276 0.371884 0.381976 0.319919 0.285501 0.246161 0.295744 0.332856 0.300614 
MCS: 0
TBLER: 1
----------------------------------------
seed=2
Throughput: 16.1333
Latency: nan
SINR: 0.0276172 0.0349464 0.031298 0.0294509 0.0237517 0.0241496 0.0162811 0.00544552 0.000729814 0.00141718 0.00536056 0.00705732 0.0109019 0.0118337 0.014565 0.0120738 0.016443 0.0137408 0.0125387 0.0155538 0.0157734 0.0218634 0.0249312 0.0236888 0.0137034 0.00402028 0.000111438 0.0034973 0.0107453 0.0138918 0.0228333 0.022903 0.029595 0.0266277 0.0262228 0.0141569 0.0142577 0.00921374 0.0151118 0.0206942 0.051689 0.0937979 0.132916 0.144814 0.135247 0.101783 0.0662266 0.0517013 0.0337427 0.0304856 0.0233422 0.0378501 0.0558222 
MCS: 0
TBLER: 1
----------------------------------------
seed=3
Throughput: 60195.7
Latency: 0.0293831
SINR: 2.39223 1.38585 1.04259 2.14736 0.894496 1.743 0.554217 1.46053 0.209226 1.21306 1.04819 1.23961 0.0817008 1.20047 1.37396 2.60196 0.47407 0.791799 1.31045 2.97835 1.51756 0.727566 0.958968 1.48971 1.74096 0.71811 1.03146 0.181213 0.775563 0.40517 1.11279 0.0159887 0.122914 0.517946 2.25236 0.6884 0.522178 0.361533 3.44709 2.86993 1.62983 0.605252 1.87019 3.60575 1.89644 1.2835 0.39851 1.43812 0.699743 1.33348 0.0461915 0.197194 0.0213281 
MCS: 0
TBLER: 0.554276
----------------------------------------
seed=4
Throughput: 52258.8
Latency: 0.0209343
SINR: 3.12104 3.16726 3.63176 4.58703 5.90767 7.29482 8.42203 9.06201 9.10093 8.49555 7.27823 5.61335 3.808 2.21887 1.11833 0.62315 0.708896 1.24981 2.04046 2.82453 3.3653 3.52951 3.31898 2.83021 2.19185 1.53232 0.973357 0.613118 0.493061 0.582596 0.803117 1.06899 1.3105 1.47572 1.53413 1.49005 1.38733 1.2905 1.25524 1.30904 1.44606 1.62815 1.79597 1.89909 1.93024 1.92831 1.93995 1.98054 2.04148 2.13142 2.28853 2.53561 2.83154 
MCS: 5
TBLER: 0.983654
----------------------------------------
seed=5
Throughput: 57884.9
Latency: 0.0172083
SINR: 8.04182 7.13627 3.02017 1.36967 1.30295 6.74893 6.26616 3.97174 0.0869528 0.308275 2.85956 5.64575 9.82116 12.029 10.2551 1.94456 3.84537 2.53561 2.43195 4.01219 4.15303 0.950033 3.17591 6.47748 9.8262 8.05461 5.49603 0.989531 3.12419 4.01032 0.400885 8.53907 5.97824 1.25793 7.27477 15.9418 8.17618 2.16212 1.63127 0.843988 0.579897 1.71283 6.17591 3.10918 1.91341 0.270847 3.72328 10.064 9.4847 4.57045 1.46846 0.530329 1.37478 
MCS: 6
TBLER: 0.622549
----------------------------------------
seed=6
Throughput: 16.1333
Latency: nan
SINR: 0.335611 0.389975 0.277711 0.1085 0.121502 0.401033 0.752667 0.905289 0.856792 0.892894 1.28998 1.91493 2.33883 2.2236 1.72242 1.30306 1.28435 1.55087 1.71916 1.59408 1.30551 1.15551 1.24155 1.43744 1.53211 1.4657 1.29848 1.103 0.908 0.718845 0.584438 0.514987 0.473224 0.38264 0.262457 0.213178 0.321856 0.521007 0.643205 0.582017 0.419895 0.349235 0.450178 0.609188 0.618888 0.4352 0.218987 0.202871 0.425789 0.701307 0.791138 0.673496 0.560708 
MCS: 0
TBLER: 0.271552
----------------------------------------
seed=7
Throughput: 60195.7
Latency: 0.0138772
SINR: 4.22896 5.33178 5.8209 6.02758 6.24735 6.37526 6.89047 7.85196 8.31454 8.31043 8.73676 9.48332 10.1732 10.8447 10.9271 10.1005 9.37293 9.46369 9.90669 10.2281 10.2572 9.76266 8.88188 8.20541 7.98077 7.85829 7.61388 7.39148 7.16589 6.95533 7.15422 7.56398 7.30672 6.39942 5.62792 5.126 4.80858 4.90388 5.0878 4.88133 4.6291 4.55844 4.31074 4.09254 4.31528 4.52305 4.4019 4.47701 4.93441 5.45091 5.96355 6.30211 6.14231 
MCS: 12
TBLER: 0.773343
----------------------------------------
seed=8
Throughput: 60195.7
Latency: 0.0151869
SINR: 5.32548 0.693721 2.3486 6.59869 7.80701 6.1886 1.4285 0.881594 4.45576 6.13944 4.86309 2.23173 0.756004 4.69828 9.22328 7.11592 2.86143 0.892835 3.78276 7.35895 7.60611 3.87709 1.09334 1.38937 6.50209 10.4306 4.47653 0.962212 1.22698 4.27071 7.50994 6.86575 1.71633 1.33337 4.69238 7.39077 7.88852 3.22957 0.23489 3.2047 5.08168 5.15368 4.42612 0.430873 1.91617 7.15209 6.63793 5.00547 2.22274 0.958285 4.77081 7.68624 4.1407 
MCS: 7
TBLER: 0.936151
----------------------------------------
seed=9
Throughput: 60195.7
Latency: 0.0187779
SINR: 2.81917 2.20748 2.5264 4.04158 1.76913 0.276681 0.671662 0.72477 0.503523 0.314892 1.15859 2.73357 3.16635 2.17596 4.52091 7.62615 4.50728 1.28575 2.70214 3.59779 1.34315 0.874911 3.34664 2.05204 0.56272 0.890343 0.241498 0.130936 1.6729 2.17593 4.86751 4.63722 3.59971 1.80622 1.66978 5.3745 12.9967 13.5963 5.98655 1.19806 0.628489 0.0358024 1.51224 2.29772 2.68519 2.8732 1.36511 0.990328 4.30116 4.62855 2.43915 1.41893 0.760837 
MCS: 4
TBLER: 0.488027
----------------------------------------
====================================================================================================
