Time	direction	frame	subF	slot	1stSym	nSymbol	cellId	bwpId	rnti	tbSize	mcs	rank	rv	SINR(dB)	corrupt	TBler
0.106464	UL	10	6	0	10	3	1	01	49	0	1	0	44.8656	0	0	
0.106464	UL	10	6	0	10	3	1	01	49	0	1	0	44.8656	0	0	
0.111464	UL	11	1	0	0	13	1	01	5271	28	1	0	44.8656	0	0	
0.111464	UL	11	1	0	0	13	1	01	5271	28	1	0	44.8656	0	0	
0.111964	UL	11	1	1	7	6	1	01	2433	28	1	0	44.8656	0	0	
0.111964	UL	11	1	1	7	6	1	01	2433	28	1	0	44.8656	0	0	
0.206464	UL	20	6	0	12	1	1	01	403	28	1	0	44.8656	0	0	
0.206464	UL	20	6	0	12	1	1	01	403	28	1	0	44.8656	0	0	
0.211464	UL	21	1	0	0	13	1	01	5271	28	1	0	44.8656	0	0	
0.211464	UL	21	1	0	0	13	1	01	5271	28	1	0	44.8656	0	0	
0.211964	UL	21	1	1	7	6	1	01	2433	28	1	0	44.8656	0	0	
0.211964	UL	21	1	1	7	6	1	01	2433	28	1	0	44.8656	0	0	
0.306464	UL	30	6	0	12	1	1	01	403	28	1	0	44.8656	0	0	
0.306464	UL	30	6	0	12	1	1	01	403	28	1	0	44.8656	0	0	
0.311464	UL	31	1	0	0	13	1	01	5271	28	1	0	44.8656	0	0	
0.311464	UL	31	1	0	0	13	1	01	5271	28	1	0	44.8656	0	0	
0.311964	UL	31	1	1	7	6	1	01	2433	28	1	0	44.8656	0	0	
0.311964	UL	31	1	1	7	6	1	01	2433	28	1	0	44.8656	0	0	
0.406464	UL	40	6	0	12	1	1	01	403	28	1	0	44.8656	0	0	
0.406464	UL	40	6	0	12	1	1	01	403	28	1	0	44.8656	0	0	
0.411464	UL	41	1	0	0	13	1	01	5271	28	1	0	44.8656	0	0	
0.411464	UL	41	1	0	0	13	1	01	5271	28	1	0	44.8656	0	0	
0.411964	UL	41	1	1	7	6	1	01	2433	28	1	0	44.8656	0	0	
0.411964	UL	41	1	1	7	6	1	01	2433	28	1	0	44.8656	0	0	
0.506464	UL	50	6	0	12	1	1	01	403	28	1	0	44.8656	0	0	
0.506464	UL	50	6	0	12	1	1	01	403	28	1	0	44.8656	0	0	
0.511464	UL	51	1	0	0	13	1	01	5271	28	1	0	44.8656	0	0	
0.511464	UL	51	1	0	0	13	1	01	5271	28	1	0	44.8656	0	0	
0.511964	UL	51	1	1	7	6	1	01	2433	28	1	0	44.8656	0	0	
0.511964	UL	51	1	1	7	6	1	01	2433	28	1	0	44.8656	0	0	
0.606464	UL	60	6	0	12	1	1	01	403	28	1	0	44.8656	0	0	
0.606464	UL	60	6	0	12	1	1	01	403	28	1	0	44.8656	0	0	
0.611464	UL	61	1	0	0	13	1	01	5271	28	1	0	44.8656	0	0	
0.611464	UL	61	1	0	0	13	1	01	5271	28	1	0	44.8656	0	0	
0.611964	UL	61	1	1	7	6	1	01	2433	28	1	0	44.8656	0	0	
0.611964	UL	61	1	1	7	6	1	01	2433	28	1	0	44.8656	0	0	
0.706464	UL	70	6	0	12	1	1	01	403	28	1	0	44.8656	0	0	
0.706464	UL	70	6	0	12	1	1	01	403	28	1	0	44.8656	0	0	
0.711464	UL	71	1	0	0	13	1	01	5271	28	1	0	44.8656	0	0	
0.711464	UL	71	1	0	0	13	1	01	5271	28	1	0	44.8656	0	0	
0.711964	UL	71	1	1	7	6	1	01	2433	28	1	0	44.8656	0	0	
0.711964	UL	71	1	1	7	6	1	01	2433	28	1	0	44.8656	0	0	
0.806464	UL	80	6	0	12	1	1	01	403	28	1	0	44.8656	0	0	
0.806464	UL	80	6	0	12	1	1	01	403	28	1	0	44.8656	0	0	
0.811464	UL	81	1	0	0	13	1	01	5271	28	1	0	44.8656	0	0	
0.811464	UL	81	1	0	0	13	1	01	5271	28	1	0	44.8656	0	0	
0.811964	UL	81	1	1	7	6	1	01	2433	28	1	0	44.8656	0	0	
0.811964	UL	81	1	1	7	6	1	01	2433	28	1	0	44.8656	0	0	
0.906464	UL	90	6	0	12	1	1	01	403	28	1	0	44.8656	0	0	
0.906464	UL	90	6	0	12	1	1	01	403	28	1	0	44.8656	0	0	
0.911464	UL	91	1	0	0	13	1	01	5271	28	1	0	44.8656	0	0	
0.911464	UL	91	1	0	0	13	1	01	5271	28	1	0	44.8656	0	0	
0.911964	UL	91	1	1	7	6	1	01	2433	28	1	0	44.8656	0	0	
0.911964	UL	91	1	1	7	6	1	01	2433	28	1	0	44.8656	0	0	
1.00646	UL	100	6	0	12	1	1	01	403	28	1	0	44.8656	0	0	
1.00646	UL	100	6	0	12	1	1	01	403	28	1	0	44.8656	0	0	
1.01146	UL	101	1	0	0	13	1	01	5271	28	1	0	44.8656	0	0	
1.01146	UL	101	1	0	0	13	1	01	5271	28	1	0	44.8656	0	0	
1.01196	UL	101	1	1	7	6	1	01	2433	28	1	0	44.8656	0	0	
1.01196	UL	101	1	1	7	6	1	01	2433	28	1	0	44.8656	0	0	
1.10646	UL	110	6	0	12	1	1	01	403	28	1	0	44.8656	0	0	
1.10646	UL	110	6	0	12	1	1	01	403	28	1	0	44.8656	0	0	
1.11146	UL	111	1	0	0	13	1	01	5271	28	1	0	44.8656	0	0	
1.11146	UL	111	1	0	0	13	1	01	5271	28	1	0	44.8656	0	0	
1.11196	UL	111	1	1	7	6	1	01	2433	28	1	0	44.8656	0	0	
1.11196	UL	111	1	1	7	6	1	01	2433	28	1	0	44.8656	0	0	
1.20646	UL	120	6	0	12	1	1	01	403	28	1	0	44.8656	0	0	
1.20646	UL	120	6	0	12	1	1	01	403	28	1	0	44.8656	0	0	
1.21146	UL	121	1	0	0	13	1	01	5271	28	1	0	44.8656	0	0	
1.21146	UL	121	1	0	0	13	1	01	5271	28	1	0	44.8656	0	0	
1.21196	UL	121	1	1	7	6	1	01	2433	28	1	0	44.8656	0	0	
1.21196	UL	121	1	1	7	6	1	01	2433	28	1	0	44.8656	0	0	
1.30646	UL	130	6	0	12	1	1	01	403	28	1	0	44.8656	0	0	
1.30646	UL	130	6	0	12	1	1	01	403	28	1	0	44.8656	0	0	
1.31146	UL	131	1	0	0	13	1	01	5271	28	1	0	44.8656	0	0	
1.31146	UL	131	1	0	0	13	1	01	5271	28	1	0	44.8656	0	0	
1.31196	UL	131	1	1	7	6	1	01	2433	28	1	0	44.8656	0	0	
1.31196	UL	131	1	1	7	6	1	01	2433	28	1	0	44.8656	0	0	
1.40646	UL	140	6	0	12	1	1	01	403	28	1	0	44.8656	0	0	
1.40646	UL	140	6	0	12	1	1	01	403	28	1	0	44.8656	0	0	
1.41146	UL	141	1	0	0	13	1	01	5271	28	1	0	44.8656	0	0	
1.41146	UL	141	1	0	0	13	1	01	5271	28	1	0	44.8656	0	0	
1.41196	UL	141	1	1	7	6	1	01	2433	28	1	0	44.8656	0	0	
1.41196	UL	141	1	1	7	6	1	01	2433	28	1	0	44.8656	0	0	
1.50646	UL	150	6	0	12	1	1	01	403	28	1	0	44.8656	0	0	
1.50646	UL	150	6	0	12	1	1	01	403	28	1	0	44.8656	0	0	
1.51146	UL	151	1	0	0	13	1	01	5271	28	1	0	44.8656	0	0	
1.51146	UL	151	1	0	0	13	1	01	5271	28	1	0	44.8656	0	0	
1.51196	UL	151	1	1	7	6	1	01	2433	28	1	0	44.8656	0	0	
1.51196	UL	151	1	1	7	6	1	01	2433	28	1	0	44.8656	0	0	
1.60646	UL	160	6	0	12	1	1	01	403	28	1	0	44.8656	0	0	
1.60646	UL	160	6	0	12	1	1	01	403	28	1	0	44.8656	0	0	
1.61146	UL	161	1	0	0	13	1	01	5271	28	1	0	44.8656	0	0	
1.61146	UL	161	1	0	0	13	1	01	5271	28	1	0	44.8656	0	0	
1.61196	UL	161	1	1	7	6	1	01	2433	28	1	0	44.8656	0	0	
1.61196	UL	161	1	1	7	6	1	01	2433	28	1	0	44.8656	0	0	
1.70646	UL	170	6	0	12	1	1	01	403	28	1	0	44.8656	0	0	
1.70646	UL	170	6	0	12	1	1	01	403	28	1	0	44.8656	0	0	
1.71146	UL	171	1	0	0	13	1	01	5271	28	1	0	44.8656	0	0	
1.71146	UL	171	1	0	0	13	1	01	5271	28	1	0	44.8656	0	0	
1.71196	UL	171	1	1	7	6	1	01	2433	28	1	0	44.8656	0	0	
1.71196	UL	171	1	1	7	6	1	01	2433	28	1	0	44.8656	0	0	
1.80646	UL	180	6	0	12	1	1	01	403	28	1	0	44.8656	0	0	
1.80646	UL	180	6	0	12	1	1	01	403	28	1	0	44.8656	0	0	
1.81146	UL	181	1	0	0	13	1	01	5271	28	1	0	44.8656	0	0	
1.81146	UL	181	1	0	0	13	1	01	5271	28	1	0	44.8656	0	0	
1.81196	UL	181	1	1	7	6	1	01	2433	28	1	0	44.8656	0	0	
1.81196	UL	181	1	1	7	6	1	01	2433	28	1	0	44.8656	0	0	
1.90646	UL	190	6	0	12	1	1	01	403	28	1	0	44.8656	0	0	
1.90646	UL	190	6	0	12	1	1	01	403	28	1	0	44.8656	0	0	
1.91146	UL	191	1	0	0	13	1	01	5271	28	1	0	44.8656	0	0	
1.91146	UL	191	1	0	0	13	1	01	5271	28	1	0	44.8656	0	0	
1.91196	UL	191	1	1	7	6	1	01	2433	28	1	0	44.8656	0	0	
1.91196	UL	191	1	1	7	6	1	01	2433	28	1	0	44.8656	0	0	
2.00646	UL	200	6	0	12	1	1	01	403	28	1	0	44.8656	0	0	
2.00646	UL	200	6	0	12	1	1	01	403	28	1	0	44.8656	0	0	
2.01146	UL	201	1	0	0	13	1	01	5271	28	1	0	44.8656	0	0	
2.01146	UL	201	1	0	0	13	1	01	5271	28	1	0	44.8656	0	0	
2.01196	UL	201	1	1	7	6	1	01	2433	28	1	0	44.8656	0	0	
2.01196	UL	201	1	1	7	6	1	01	2433	28	1	0	44.8656	0	0	
2.10646	UL	210	6	0	12	1	1	01	403	28	1	0	44.8656	0	0	
2.10646	UL	210	6	0	12	1	1	01	403	28	1	0	44.8656	0	0	
2.11146	UL	211	1	0	0	13	1	01	5271	28	1	0	44.8656	0	0	
2.11146	UL	211	1	0	0	13	1	01	5271	28	1	0	44.8656	0	0	
2.11196	UL	211	1	1	7	6	1	01	2433	28	1	0	44.8656	0	0	
2.11196	UL	211	1	1	7	6	1	01	2433	28	1	0	44.8656	0	0	
2.20646	UL	220	6	0	12	1	1	01	403	28	1	0	44.8656	0	0	
2.20646	UL	220	6	0	12	1	1	01	403	28	1	0	44.8656	0	0	
2.21146	UL	221	1	0	0	13	1	01	5271	28	1	0	44.8656	0	0	
2.21146	UL	221	1	0	0	13	1	01	5271	28	1	0	44.8656	0	0	
2.21196	UL	221	1	1	7	6	1	01	2433	28	1	0	44.8656	0	0	
2.21196	UL	221	1	1	7	6	1	01	2433	28	1	0	44.8656	0	0	
2.30646	UL	230	6	0	12	1	1	01	403	28	1	0	44.8656	0	0	
2.30646	UL	230	6	0	12	1	1	01	403	28	1	0	44.8656	0	0	
2.31146	UL	231	1	0	0	13	1	01	5271	28	1	0	44.8656	0	0	
2.31146	UL	231	1	0	0	13	1	01	5271	28	1	0	44.8656	0	0	
2.31196	UL	231	1	1	7	6	1	01	2433	28	1	0	44.8656	0	0	
2.31196	UL	231	1	1	7	6	1	01	2433	28	1	0	44.8656	0	0	
2.40646	UL	240	6	0	12	1	1	01	403	28	1	0	44.8656	0	0	
2.40646	UL	240	6	0	12	1	1	01	403	28	1	0	44.8656	0	0	
2.41146	UL	241	1	0	0	13	1	01	5271	28	1	0	44.8656	0	0	
2.41146	UL	241	1	0	0	13	1	01	5271	28	1	0	44.8656	0	0	
2.41196	UL	241	1	1	7	6	1	01	2433	28	1	0	44.8656	0	0	
2.41196	UL	241	1	1	7	6	1	01	2433	28	1	0	44.8656	0	0	
2.50646	UL	250	6	0	12	1	1	01	403	28	1	0	44.8656	0	0	
2.50646	UL	250	6	0	12	1	1	01	403	28	1	0	44.8656	0	0	
2.51146	UL	251	1	0	0	13	1	01	5271	28	1	0	44.8656	0	0	
2.51146	UL	251	1	0	0	13	1	01	5271	28	1	0	44.8656	0	0	
2.51196	UL	251	1	1	7	6	1	01	2433	28	1	0	44.8656	0	0	
2.51196	UL	251	1	1	7	6	1	01	2433	28	1	0	44.8656	0	0	
2.60646	UL	260	6	0	12	1	1	01	403	28	1	0	44.8656	0	0	
2.60646	UL	260	6	0	12	1	1	01	403	28	1	0	44.8656	0	0	
2.61146	UL	261	1	0	0	13	1	01	5271	28	1	0	44.8656	0	0	
2.61146	UL	261	1	0	0	13	1	01	5271	28	1	0	44.8656	0	0	
2.61196	UL	261	1	1	7	6	1	01	2433	28	1	0	44.8656	0	0	
2.61196	UL	261	1	1	7	6	1	01	2433	28	1	0	44.8656	0	0	
2.70646	UL	270	6	0	12	1	1	01	403	28	1	0	44.8656	0	0	
2.70646	UL	270	6	0	12	1	1	01	403	28	1	0	44.8656	0	0	
2.71146	UL	271	1	0	0	13	1	01	5271	28	1	0	44.8656	0	0	
2.71146	UL	271	1	0	0	13	1	01	5271	28	1	0	44.8656	0	0	
2.71196	UL	271	1	1	7	6	1	01	2433	28	1	0	44.8656	0	0	
2.71196	UL	271	1	1	7	6	1	01	2433	28	1	0	44.8656	0	0	
2.80646	UL	280	6	0	12	1	1	01	403	28	1	0	44.8656	0	0	
2.80646	UL	280	6	0	12	1	1	01	403	28	1	0	44.8656	0	0	
2.81146	UL	281	1	0	0	13	1	01	5271	28	1	0	44.8656	0	0	
2.81146	UL	281	1	0	0	13	1	01	5271	28	1	0	44.8656	0	0	
2.81196	UL	281	1	1	7	6	1	01	2433	28	1	0	44.8656	0	0	
2.81196	UL	281	1	1	7	6	1	01	2433	28	1	0	44.8656	0	0	
2.90646	UL	290	6	0	12	1	1	01	403	28	1	0	44.8656	0	0	
2.90646	UL	290	6	0	12	1	1	01	403	28	1	0	44.8656	0	0	
2.91146	UL	291	1	0	0	13	1	01	5271	28	1	0	44.8656	0	0	
2.91146	UL	291	1	0	0	13	1	01	5271	28	1	0	44.8656	0	0	
2.91196	UL	291	1	1	7	6	1	01	2433	28	1	0	44.8656	0	0	
2.91196	UL	291	1	1	7	6	1	01	2433	28	1	0	44.8656	0	0	
3.00646	UL	300	6	0	12	1	1	01	403	28	1	0	44.8656	0	0	
3.00646	UL	300	6	0	12	1	1	01	403	28	1	0	44.8656	0	0	
3.01146	UL	301	1	0	0	13	1	01	5271	28	1	0	44.8656	0	0	
3.01146	UL	301	1	0	0	13	1	01	5271	28	1	0	44.8656	0	0	
3.01196	UL	301	1	1	7	6	1	01	2433	28	1	0	44.8656	0	0	
3.01196	UL	301	1	1	7	6	1	01	2433	28	1	0	44.8656	0	0	
3.10646	UL	310	6	0	12	1	1	01	403	28	1	0	44.8656	0	0	
3.10646	UL	310	6	0	12	1	1	01	403	28	1	0	44.8656	0	0	
3.11146	UL	311	1	0	0	13	1	01	5271	28	1	0	44.8656	0	0	
3.11146	UL	311	1	0	0	13	1	01	5271	28	1	0	44.8656	0	0	
3.11196	UL	311	1	1	7	6	1	01	2433	28	1	0	44.8656	0	0	
3.11196	UL	311	1	1	7	6	1	01	2433	28	1	0	44.8656	0	0	
3.20646	UL	320	6	0	12	1	1	01	403	28	1	0	44.8656	0	0	
3.20646	UL	320	6	0	12	1	1	01	403	28	1	0	44.8656	0	0	
3.21146	UL	321	1	0	0	13	1	01	5271	28	1	0	44.8656	0	0	
3.21146	UL	321	1	0	0	13	1	01	5271	28	1	0	44.8656	0	0	
3.21196	UL	321	1	1	7	6	1	01	2433	28	1	0	44.8656	0	0	
3.21196	UL	321	1	1	7	6	1	01	2433	28	1	0	44.8656	0	0	
3.30646	UL	330	6	0	12	1	1	01	403	28	1	0	44.8656	0	0	
3.30646	UL	330	6	0	12	1	1	01	403	28	1	0	44.8656	0	0	
3.31146	UL	331	1	0	0	13	1	01	5271	28	1	0	44.8656	0	0	
3.31146	UL	331	1	0	0	13	1	01	5271	28	1	0	44.8656	0	0	
3.31196	UL	331	1	1	7	6	1	01	2433	28	1	0	44.8656	0	0	
3.31196	UL	331	1	1	7	6	1	01	2433	28	1	0	44.8656	0	0	
3.40646	UL	340	6	0	12	1	1	01	403	28	1	0	44.8656	0	0	
3.40646	UL	340	6	0	12	1	1	01	403	28	1	0	44.8656	0	0	
3.41146	UL	341	1	0	0	13	1	01	5271	28	1	0	44.8656	0	0	
3.41146	UL	341	1	0	0	13	1	01	5271	28	1	0	44.8656	0	0	
3.41196	UL	341	1	1	7	6	1	01	2433	28	1	0	44.8656	0	0	
3.41196	UL	341	1	1	7	6	1	01	2433	28	1	0	44.8656	0	0	
3.50646	UL	350	6	0	12	1	1	01	403	28	1	0	44.8656	0	0	
3.50646	UL	350	6	0	12	1	1	01	403	28	1	0	44.8656	0	0	
3.51146	UL	351	1	0	0	13	1	01	5271	28	1	0	44.8656	0	0	
3.51146	UL	351	1	0	0	13	1	01	5271	28	1	0	44.8656	0	0	
3.51196	UL	351	1	1	7	6	1	01	2433	28	1	0	44.8656	0	0	
3.51196	UL	351	1	1	7	6	1	01	2433	28	1	0	44.8656	0	0	
3.60646	UL	360	6	0	12	1	1	01	403	28	1	0	44.8656	0	0	
3.60646	UL	360	6	0	12	1	1	01	403	28	1	0	44.8656	0	0	
3.61146	UL	361	1	0	0	13	1	01	5271	28	1	0	44.8656	0	0	
3.61146	UL	361	1	0	0	13	1	01	5271	28	1	0	44.8656	0	0	
3.61196	UL	361	1	1	7	6	1	01	2433	28	1	0	44.8656	0	0	
3.61196	UL	361	1	1	7	6	1	01	2433	28	1	0	44.8656	0	0	
3.70646	UL	370	6	0	12	1	1	01	403	28	1	0	44.8656	0	0	
3.70646	UL	370	6	0	12	1	1	01	403	28	1	0	44.8656	0	0	
3.71146	UL	371	1	0	0	13	1	01	5271	28	1	0	44.8656	0	0	
3.71146	UL	371	1	0	0	13	1	01	5271	28	1	0	44.8656	0	0	
3.71196	UL	371	1	1	7	6	1	01	2433	28	1	0	44.8656	0	0	
3.71196	UL	371	1	1	7	6	1	01	2433	28	1	0	44.8656	0	0	
3.80646	UL	380	6	0	12	1	1	01	403	28	1	0	44.8656	0	0	
3.80646	UL	380	6	0	12	1	1	01	403	28	1	0	44.8656	0	0	
3.81146	UL	381	1	0	0	13	1	01	5271	28	1	0	44.8656	0	0	
3.81146	UL	381	1	0	0	13	1	01	5271	28	1	0	44.8656	0	0	
3.81196	UL	381	1	1	7	6	1	01	2433	28	1	0	44.8656	0	0	
3.81196	UL	381	1	1	7	6	1	01	2433	28	1	0	44.8656	0	0	
3.90646	UL	390	6	0	12	1	1	01	403	28	1	0	44.8656	0	0	
3.90646	UL	390	6	0	12	1	1	01	403	28	1	0	44.8656	0	0	
3.91146	UL	391	1	0	0	13	1	01	5271	28	1	0	44.8656	0	0	
3.91146	UL	391	1	0	0	13	1	01	5271	28	1	0	44.8656	0	0	
3.91196	UL	391	1	1	7	6	1	01	2433	28	1	0	44.8656	0	0	
3.91196	UL	391	1	1	7	6	1	01	2433	28	1	0	44.8656	0	0	
4.00646	UL	400	6	0	12	1	1	01	403	28	1	0	44.8656	0	0	
4.00646	UL	400	6	0	12	1	1	01	403	28	1	0	44.8656	0	0	
4.01146	UL	401	1	0	0	13	1	01	5271	28	1	0	44.8656	0	0	
4.01146	UL	401	1	0	0	13	1	01	5271	28	1	0	44.8656	0	0	
4.01196	UL	401	1	1	7	6	1	01	2433	28	1	0	44.8656	0	0	
4.01196	UL	401	1	1	7	6	1	01	2433	28	1	0	44.8656	0	0	
4.10646	UL	410	6	0	12	1	1	01	403	28	1	0	44.8656	0	0	
4.10646	UL	410	6	0	12	1	1	01	403	28	1	0	44.8656	0	0	
4.11146	UL	411	1	0	0	13	1	01	5271	28	1	0	44.8656	0	0	
4.11146	UL	411	1	0	0	13	1	01	5271	28	1	0	44.8656	0	0	
4.11196	UL	411	1	1	7	6	1	01	2433	28	1	0	44.8656	0	0	
4.11196	UL	411	1	1	7	6	1	01	2433	28	1	0	44.8656	0	0	
4.20646	UL	420	6	0	12	1	1	01	403	28	1	0	44.8656	0	0	
4.20646	UL	420	6	0	12	1	1	01	403	28	1	0	44.8656	0	0	
4.21146	UL	421	1	0	0	13	1	01	5271	28	1	0	44.8656	0	0	
4.21146	UL	421	1	0	0	13	1	01	5271	28	1	0	44.8656	0	0	
4.21196	UL	421	1	1	7	6	1	01	2433	28	1	0	44.8656	0	0	
4.21196	UL	421	1	1	7	6	1	01	2433	28	1	0	44.8656	0	0	
4.30646	UL	430	6	0	12	1	1	01	403	28	1	0	44.8656	0	0	
4.30646	UL	430	6	0	12	1	1	01	403	28	1	0	44.8656	0	0	
4.31146	UL	431	1	0	0	13	1	01	5271	28	1	0	44.8656	0	0	
4.31146	UL	431	1	0	0	13	1	01	5271	28	1	0	44.8656	0	0	
4.31196	UL	431	1	1	7	6	1	01	2433	28	1	0	44.8656	0	0	
4.31196	UL	431	1	1	7	6	1	01	2433	28	1	0	44.8656	0	0	
4.40646	UL	440	6	0	12	1	1	01	403	28	1	0	44.8656	0	0	
4.40646	UL	440	6	0	12	1	1	01	403	28	1	0	44.8656	0	0	
4.41146	UL	441	1	0	0	13	1	01	5271	28	1	0	44.8656	0	0	
4.41146	UL	441	1	0	0	13	1	01	5271	28	1	0	44.8656	0	0	
4.41196	UL	441	1	1	7	6	1	01	2433	28	1	0	44.8656	0	0	
4.41196	UL	441	1	1	7	6	1	01	2433	28	1	0	44.8656	0	0	
4.50646	UL	450	6	0	12	1	1	01	403	28	1	0	44.8656	0	0	
4.50646	UL	450	6	0	12	1	1	01	403	28	1	0	44.8656	0	0	
4.51146	UL	451	1	0	0	13	1	01	5271	28	1	0	44.8656	0	0	
4.51146	UL	451	1	0	0	13	1	01	5271	28	1	0	44.8656	0	0	
4.51196	UL	451	1	1	7	6	1	01	2433	28	1	0	44.8656	0	0	
4.51196	UL	451	1	1	7	6	1	01	2433	28	1	0	44.8656	0	0	
4.60646	UL	460	6	0	12	1	1	01	403	28	1	0	44.8656	0	0	
4.60646	UL	460	6	0	12	1	1	01	403	28	1	0	44.8656	0	0	
4.61146	UL	461	1	0	0	13	1	01	5271	28	1	0	44.8656	0	0	
4.61146	UL	461	1	0	0	13	1	01	5271	28	1	0	44.8656	0	0	
4.61196	UL	461	1	1	7	6	1	01	2433	28	1	0	44.8656	0	0	
4.61196	UL	461	1	1	7	6	1	01	2433	28	1	0	44.8656	0	0	
4.70646	UL	470	6	0	12	1	1	01	403	28	1	0	44.8656	0	0	
4.70646	UL	470	6	0	12	1	1	01	403	28	1	0	44.8656	0	0	
4.71146	UL	471	1	0	0	13	1	01	5271	28	1	0	44.8656	0	0	
4.71146	UL	471	1	0	0	13	1	01	5271	28	1	0	44.8656	0	0	
4.71196	UL	471	1	1	7	6	1	01	2433	28	1	0	44.8656	0	0	
4.71196	UL	471	1	1	7	6	1	01	2433	28	1	0	44.8656	0	0	
4.80646	UL	480	6	0	12	1	1	01	403	28	1	0	44.8656	0	0	
4.80646	UL	480	6	0	12	1	1	01	403	28	1	0	44.8656	0	0	
4.81146	UL	481	1	0	0	13	1	01	5271	28	1	0	44.8656	0	0	
4.81146	UL	481	1	0	0	13	1	01	5271	28	1	0	44.8656	0	0	
4.81196	UL	481	1	1	7	6	1	01	2433	28	1	0	44.8656	0	0	
4.81196	UL	481	1	1	7	6	1	01	2433	28	1	0	44.8656	0	0	
4.90646	UL	490	6	0	12	1	1	01	403	28	1	0	44.8656	0	0	
4.90646	UL	490	6	0	12	1	1	01	403	28	1	0	44.8656	0	0	
4.91146	UL	491	1	0	0	13	1	01	5271	28	1	0	44.8656	0	0	
4.91146	UL	491	1	0	0	13	1	01	5271	28	1	0	44.8656	0	0	
4.91196	UL	491	1	1	7	6	1	01	2433	28	1	0	44.8656	0	0	
4.91196	UL	491	1	1	7	6	1	01	2433	28	1	0	44.8656	0	0	
5.00646	UL	500	6	0	12	1	1	01	403	28	1	0	44.8656	0	0	
5.00646	UL	500	6	0	12	1	1	01	403	28	1	0	44.8656	0	0	
5.01146	UL	501	1	0	0	13	1	01	5271	28	1	0	44.8656	0	0	
5.01146	UL	501	1	0	0	13	1	01	5271	28	1	0	44.8656	0	0	
5.01196	UL	501	1	1	7	6	1	01	2433	28	1	0	44.8656	0	0	
5.01196	UL	501	1	1	7	6	1	01	2433	28	1	0	44.8656	0	0	
5.10646	UL	510	6	0	12	1	1	01	403	28	1	0	44.8656	0	0	
5.10646	UL	510	6	0	12	1	1	01	403	28	1	0	44.8656	0	0	
5.11146	UL	511	1	0	0	13	1	01	5271	28	1	0	44.8656	0	0	
5.11146	UL	511	1	0	0	13	1	01	5271	28	1	0	44.8656	0	0	
5.11196	UL	511	1	1	7	6	1	01	2433	28	1	0	44.8656	0	0	
5.11196	UL	511	1	1	7	6	1	01	2433	28	1	0	44.8656	0	0	
5.20646	UL	520	6	0	12	1	1	01	403	28	1	0	44.8656	0	0	
5.20646	UL	520	6	0	12	1	1	01	403	28	1	0	44.8656	0	0	
5.21146	UL	521	1	0	0	13	1	01	5271	28	1	0	44.8656	0	0	
5.21146	UL	521	1	0	0	13	1	01	5271	28	1	0	44.8656	0	0	
5.21196	UL	521	1	1	7	6	1	01	2433	28	1	0	44.8656	0	0	
5.21196	UL	521	1	1	7	6	1	01	2433	28	1	0	44.8656	0	0	
5.30646	UL	530	6	0	12	1	1	01	403	28	1	0	44.8656	0	0	
5.30646	UL	530	6	0	12	1	1	01	403	28	1	0	44.8656	0	0	
5.31146	UL	531	1	0	0	13	1	01	5271	28	1	0	44.8656	0	0	
5.31146	UL	531	1	0	0	13	1	01	5271	28	1	0	44.8656	0	0	
5.31196	UL	531	1	1	7	6	1	01	2433	28	1	0	44.8656	0	0	
5.31196	UL	531	1	1	7	6	1	01	2433	28	1	0	44.8656	0	0	
5.40646	UL	540	6	0	12	1	1	01	403	28	1	0	44.8656	0	0	
5.40646	UL	540	6	0	12	1	1	01	403	28	1	0	44.8656	0	0	
5.41146	UL	541	1	0	0	13	1	01	5271	28	1	0	44.8656	0	0	
5.41146	UL	541	1	0	0	13	1	01	5271	28	1	0	44.8656	0	0	
5.41196	UL	541	1	1	7	6	1	01	2433	28	1	0	44.8656	0	0	
5.41196	UL	541	1	1	7	6	1	01	2433	28	1	0	44.8656	0	0	
5.50646	UL	550	6	0	12	1	1	01	403	28	1	0	44.8656	0	0	
5.50646	UL	550	6	0	12	1	1	01	403	28	1	0	44.8656	0	0	
5.51146	UL	551	1	0	0	13	1	01	5271	28	1	0	44.8656	0	0	
5.51146	UL	551	1	0	0	13	1	01	5271	28	1	0	44.8656	0	0	
5.51196	UL	551	1	1	7	6	1	01	2433	28	1	0	44.8656	0	0	
5.51196	UL	551	1	1	7	6	1	01	2433	28	1	0	44.8656	0	0	
5.60646	UL	560	6	0	12	1	1	01	403	28	1	0	44.8656	0	0	
5.60646	UL	560	6	0	12	1	1	01	403	28	1	0	44.8656	0	0	
5.61146	UL	561	1	0	0	13	1	01	5271	28	1	0	44.8656	0	0	
5.61146	UL	561	1	0	0	13	1	01	5271	28	1	0	44.8656	0	0	
5.61196	UL	561	1	1	7	6	1	01	2433	28	1	0	44.8656	0	0	
5.61196	UL	561	1	1	7	6	1	01	2433	28	1	0	44.8656	0	0	
5.70646	UL	570	6	0	12	1	1	01	403	28	1	0	44.8656	0	0	
5.70646	UL	570	6	0	12	1	1	01	403	28	1	0	44.8656	0	0	
5.71146	UL	571	1	0	0	13	1	01	5271	28	1	0	44.8656	0	0	
5.71146	UL	571	1	0	0	13	1	01	5271	28	1	0	44.8656	0	0	
5.71196	UL	571	1	1	7	6	1	01	2433	28	1	0	44.8656	0	0	
5.71196	UL	571	1	1	7	6	1	01	2433	28	1	0	44.8656	0	0	
5.80646	UL	580	6	0	12	1	1	01	403	28	1	0	44.8656	0	0	
5.80646	UL	580	6	0	12	1	1	01	403	28	1	0	44.8656	0	0	
5.81146	UL	581	1	0	0	13	1	01	5271	28	1	0	44.8656	0	0	
5.81146	UL	581	1	0	0	13	1	01	5271	28	1	0	44.8656	0	0	
5.81196	UL	581	1	1	7	6	1	01	2433	28	1	0	44.8656	0	0	
5.81196	UL	581	1	1	7	6	1	01	2433	28	1	0	44.8656	0	0	
5.90646	UL	590	6	0	12	1	1	01	403	28	1	0	44.8656	0	0	
5.90646	UL	590	6	0	12	1	1	01	403	28	1	0	44.8656	0	0	
5.91146	UL	591	1	0	0	13	1	01	5271	28	1	0	44.8656	0	0	
5.91146	UL	591	1	0	0	13	1	01	5271	28	1	0	44.8656	0	0	
5.91196	UL	591	1	1	7	6	1	01	2433	28	1	0	44.8656	0	0	
5.91196	UL	591	1	1	7	6	1	01	2433	28	1	0	44.8656	0	0	
6.00646	UL	600	6	0	12	1	1	01	403	28	1	0	44.8656	0	0	
6.00646	UL	600	6	0	12	1	1	01	403	28	1	0	44.8656	0	0	
6.01146	UL	601	1	0	0	13	1	01	5271	28	1	0	44.8656	0	0	
6.01146	UL	601	1	0	0	13	1	01	5271	28	1	0	44.8656	0	0	
6.01196	UL	601	1	1	7	6	1	01	2433	28	1	0	44.8656	0	0	
6.01196	UL	601	1	1	7	6	1	01	2433	28	1	0	44.8656	0	0	
6.10646	UL	610	6	0	12	1	1	01	403	28	1	0	44.8656	0	0	
6.10646	UL	610	6	0	12	1	1	01	403	28	1	0	44.8656	0	0	
6.11146	UL	611	1	0	0	13	1	01	5271	28	1	0	44.8656	0	0	
6.11146	UL	611	1	0	0	13	1	01	5271	28	1	0	44.8656	0	0	
6.11196	UL	611	1	1	7	6	1	01	2433	28	1	0	44.8656	0	0	
6.11196	UL	611	1	1	7	6	1	01	2433	28	1	0	44.8656	0	0	
6.20646	UL	620	6	0	12	1	1	01	403	28	1	0	44.8656	0	0	
6.20646	UL	620	6	0	12	1	1	01	403	28	1	0	44.8656	0	0	
6.21146	UL	621	1	0	0	13	1	01	5271	28	1	0	44.8656	0	0	
6.21146	UL	621	1	0	0	13	1	01	5271	28	1	0	44.8656	0	0	
6.21196	UL	621	1	1	7	6	1	01	2433	28	1	0	44.8656	0	0	
6.21196	UL	621	1	1	7	6	1	01	2433	28	1	0	44.8656	0	0	
6.30646	UL	630	6	0	12	1	1	01	403	28	1	0	44.8656	0	0	
6.30646	UL	630	6	0	12	1	1	01	403	28	1	0	44.8656	0	0	
6.31146	UL	631	1	0	0	13	1	01	5271	28	1	0	44.8656	0	0	
6.31146	UL	631	1	0	0	13	1	01	5271	28	1	0	44.8656	0	0	
6.31196	UL	631	1	1	7	6	1	01	2433	28	1	0	44.8656	0	0	
6.31196	UL	631	1	1	7	6	1	01	2433	28	1	0	44.8656	0	0	
6.40646	UL	640	6	0	12	1	1	01	403	28	1	0	44.8656	0	0	
6.40646	UL	640	6	0	12	1	1	01	403	28	1	0	44.8656	0	0	
6.41146	UL	641	1	0	0	13	1	01	5271	28	1	0	44.8656	0	0	
6.41146	UL	641	1	0	0	13	1	01	5271	28	1	0	44.8656	0	0	
6.41196	UL	641	1	1	7	6	1	01	2433	28	1	0	44.8656	0	0	
6.41196	UL	641	1	1	7	6	1	01	2433	28	1	0	44.8656	0	0	
6.50646	UL	650	6	0	12	1	1	01	403	28	1	0	44.8656	0	0	
6.50646	UL	650	6	0	12	1	1	01	403	28	1	0	44.8656	0	0	
6.51146	UL	651	1	0	0	13	1	01	5271	28	1	0	44.8656	0	0	
6.51146	UL	651	1	0	0	13	1	01	5271	28	1	0	44.8656	0	0	
6.51196	UL	651	1	1	7	6	1	01	2433	28	1	0	44.8656	0	0	
6.51196	UL	651	1	1	7	6	1	01	2433	28	1	0	44.8656	0	0	
6.60646	UL	660	6	0	12	1	1	01	403	28	1	0	44.8656	0	0	
6.60646	UL	660	6	0	12	1	1	01	403	28	1	0	44.8656	0	0	
6.61146	UL	661	1	0	0	13	1	01	5271	28	1	0	44.8656	0	0	
6.61146	UL	661	1	0	0	13	1	01	5271	28	1	0	44.8656	0	0	
6.61196	UL	661	1	1	7	6	1	01	2433	28	1	0	44.8656	0	0	
6.61196	UL	661	1	1	7	6	1	01	2433	28	1	0	44.8656	0	0	
6.70646	UL	670	6	0	12	1	1	01	403	28	1	0	44.8656	0	0	
6.70646	UL	670	6	0	12	1	1	01	403	28	1	0	44.8656	0	0	
6.71146	UL	671	1	0	0	13	1	01	5271	28	1	0	44.8656	0	0	
6.71146	UL	671	1	0	0	13	1	01	5271	28	1	0	44.8656	0	0	
6.71196	UL	671	1	1	7	6	1	01	2433	28	1	0	44.8656	0	0	
6.71196	UL	671	1	1	7	6	1	01	2433	28	1	0	44.8656	0	0	
6.80646	UL	680	6	0	12	1	1	01	403	28	1	0	44.8656	0	0	
6.80646	UL	680	6	0	12	1	1	01	403	28	1	0	44.8656	0	0	
6.81146	UL	681	1	0	0	13	1	01	5271	28	1	0	44.8656	0	0	
6.81146	UL	681	1	0	0	13	1	01	5271	28	1	0	44.8656	0	0	
6.81196	UL	681	1	1	7	6	1	01	2433	28	1	0	44.8656	0	0	
6.81196	UL	681	1	1	7	6	1	01	2433	28	1	0	44.8656	0	0	
6.90646	UL	690	6	0	12	1	1	01	403	28	1	0	44.8656	0	0	
6.90646	UL	690	6	0	12	1	1	01	403	28	1	0	44.8656	0	0	
6.91146	UL	691	1	0	0	13	1	01	5271	28	1	0	44.8656	0	0	
6.91146	UL	691	1	0	0	13	1	01	5271	28	1	0	44.8656	0	0	
6.91196	UL	691	1	1	7	6	1	01	2433	28	1	0	44.8656	0	0	
6.91196	UL	691	1	1	7	6	1	01	2433	28	1	0	44.8656	0	0	
7.00646	UL	700	6	0	12	1	1	01	403	28	1	0	44.8656	0	0	
7.00646	UL	700	6	0	12	1	1	01	403	28	1	0	44.8656	0	0	
7.01146	UL	701	1	0	0	13	1	01	5271	28	1	0	44.8656	0	0	
7.01146	UL	701	1	0	0	13	1	01	5271	28	1	0	44.8656	0	0	
7.01196	UL	701	1	1	7	6	1	01	2433	28	1	0	44.8656	0	0	
7.01196	UL	701	1	1	7	6	1	01	2433	28	1	0	44.8656	0	0	
7.10646	UL	710	6	0	12	1	1	01	403	28	1	0	44.8656	0	0	
7.10646	UL	710	6	0	12	1	1	01	403	28	1	0	44.8656	0	0	
7.11146	UL	711	1	0	0	13	1	01	5271	28	1	0	44.8656	0	0	
7.11146	UL	711	1	0	0	13	1	01	5271	28	1	0	44.8656	0	0	
7.11196	UL	711	1	1	7	6	1	01	2433	28	1	0	44.8656	0	0	
7.11196	UL	711	1	1	7	6	1	01	2433	28	1	0	44.8656	0	0	
7.20646	UL	720	6	0	12	1	1	01	403	28	1	0	44.8656	0	0	
7.20646	UL	720	6	0	12	1	1	01	403	28	1	0	44.8656	0	0	
7.21146	UL	721	1	0	0	13	1	01	5271	28	1	0	44.8656	0	0	
7.21146	UL	721	1	0	0	13	1	01	5271	28	1	0	44.8656	0	0	
7.21196	UL	721	1	1	7	6	1	01	2433	28	1	0	44.8656	0	0	
7.21196	UL	721	1	1	7	6	1	01	2433	28	1	0	44.8656	0	0	
7.30646	UL	730	6	0	12	1	1	01	403	28	1	0	44.8656	0	0	
7.30646	UL	730	6	0	12	1	1	01	403	28	1	0	44.8656	0	0	
7.31146	UL	731	1	0	0	13	1	01	5271	28	1	0	44.8656	0	0	
7.31146	UL	731	1	0	0	13	1	01	5271	28	1	0	44.8656	0	0	
7.31196	UL	731	1	1	7	6	1	01	2433	28	1	0	44.8656	0	0	
7.31196	UL	731	1	1	7	6	1	01	2433	28	1	0	44.8656	0	0	
7.40646	UL	740	6	0	12	1	1	01	403	28	1	0	44.8656	0	0	
7.40646	UL	740	6	0	12	1	1	01	403	28	1	0	44.8656	0	0	
7.41146	UL	741	1	0	0	13	1	01	5271	28	1	0	44.8656	0	0	
7.41146	UL	741	1	0	0	13	1	01	5271	28	1	0	44.8656	0	0	
7.41196	UL	741	1	1	7	6	1	01	2433	28	1	0	44.8656	0	0	
7.41196	UL	741	1	1	7	6	1	01	2433	28	1	0	44.8656	0	0	
7.50646	UL	750	6	0	12	1	1	01	403	28	1	0	44.8656	0	0	
7.50646	UL	750	6	0	12	1	1	01	403	28	1	0	44.8656	0	0	
7.51146	UL	751	1	0	0	13	1	01	5271	28	1	0	44.8656	0	0	
7.51146	UL	751	1	0	0	13	1	01	5271	28	1	0	44.8656	0	0	
7.51196	UL	751	1	1	7	6	1	01	2433	28	1	0	44.8656	0	0	
7.51196	UL	751	1	1	7	6	1	01	2433	28	1	0	44.8656	0	0	
7.60646	UL	760	6	0	12	1	1	01	403	28	1	0	44.8656	0	0	
7.60646	UL	760	6	0	12	1	1	01	403	28	1	0	44.8656	0	0	
7.61146	UL	761	1	0	0	13	1	01	5271	28	1	0	44.8656	0	0	
7.61146	UL	761	1	0	0	13	1	01	5271	28	1	0	44.8656	0	0	
7.61196	UL	761	1	1	7	6	1	01	2433	28	1	0	44.8656	0	0	
7.61196	UL	761	1	1	7	6	1	01	2433	28	1	0	44.8656	0	0	
7.70646	UL	770	6	0	12	1	1	01	403	28	1	0	44.8656	0	0	
7.70646	UL	770	6	0	12	1	1	01	403	28	1	0	44.8656	0	0	
7.71146	UL	771	1	0	0	13	1	01	5271	28	1	0	44.8656	0	0	
7.71146	UL	771	1	0	0	13	1	01	5271	28	1	0	44.8656	0	0	
7.71196	UL	771	1	1	7	6	1	01	2433	28	1	0	44.8656	0	0	
7.71196	UL	771	1	1	7	6	1	01	2433	28	1	0	44.8656	0	0	
7.80646	UL	780	6	0	12	1	1	01	403	28	1	0	44.8656	0	0	
7.80646	UL	780	6	0	12	1	1	01	403	28	1	0	44.8656	0	0	
7.81146	UL	781	1	0	0	13	1	01	5271	28	1	0	44.8656	0	0	
7.81146	UL	781	1	0	0	13	1	01	5271	28	1	0	44.8656	0	0	
7.81196	UL	781	1	1	7	6	1	01	2433	28	1	0	44.8656	0	0	
7.81196	UL	781	1	1	7	6	1	01	2433	28	1	0	44.8656	0	0	
7.90646	UL	790	6	0	12	1	1	01	403	28	1	0	44.8656	0	0	
7.90646	UL	790	6	0	12	1	1	01	403	28	1	0	44.8656	0	0	
7.91146	UL	791	1	0	0	13	1	01	5271	28	1	0	44.8656	0	0	
7.91146	UL	791	1	0	0	13	1	01	5271	28	1	0	44.8656	0	0	
7.91196	UL	791	1	1	7	6	1	01	2433	28	1	0	44.8656	0	0	
7.91196	UL	791	1	1	7	6	1	01	2433	28	1	0	44.8656	0	0	
8.00646	UL	800	6	0	12	1	1	01	403	28	1	0	44.8656	0	0	
8.00646	UL	800	6	0	12	1	1	01	403	28	1	0	44.8656	0	0	
8.01146	UL	801	1	0	0	13	1	01	5271	28	1	0	44.8656	0	0	
8.01146	UL	801	1	0	0	13	1	01	5271	28	1	0	44.8656	0	0	
8.01196	UL	801	1	1	7	6	1	01	2433	28	1	0	44.8656	0	0	
8.01196	UL	801	1	1	7	6	1	01	2433	28	1	0	44.8656	0	0	
8.10646	UL	810	6	0	12	1	1	01	403	28	1	0	44.8656	0	0	
8.10646	UL	810	6	0	12	1	1	01	403	28	1	0	44.8656	0	0	
8.11146	UL	811	1	0	0	13	1	01	5271	28	1	0	44.8656	0	0	
8.11146	UL	811	1	0	0	13	1	01	5271	28	1	0	44.8656	0	0	
8.11196	UL	811	1	1	7	6	1	01	2433	28	1	0	44.8656	0	0	
8.11196	UL	811	1	1	7	6	1	01	2433	28	1	0	44.8656	0	0	
8.20646	UL	820	6	0	12	1	1	01	403	28	1	0	44.8656	0	0	
8.20646	UL	820	6	0	12	1	1	01	403	28	1	0	44.8656	0	0	
8.21146	UL	821	1	0	0	13	1	01	5271	28	1	0	44.8656	0	0	
8.21146	UL	821	1	0	0	13	1	01	5271	28	1	0	44.8656	0	0	
8.21196	UL	821	1	1	7	6	1	01	2433	28	1	0	44.8656	0	0	
8.21196	UL	821	1	1	7	6	1	01	2433	28	1	0	44.8656	0	0	
8.30646	UL	830	6	0	12	1	1	01	403	28	1	0	44.8656	0	0	
8.30646	UL	830	6	0	12	1	1	01	403	28	1	0	44.8656	0	0	
8.31146	UL	831	1	0	0	13	1	01	5271	28	1	0	44.8656	0	0	
8.31146	UL	831	1	0	0	13	1	01	5271	28	1	0	44.8656	0	0	
8.31196	UL	831	1	1	7	6	1	01	2433	28	1	0	44.8656	0	0	
8.31196	UL	831	1	1	7	6	1	01	2433	28	1	0	44.8656	0	0	
8.40646	UL	840	6	0	12	1	1	01	403	28	1	0	44.8656	0	0	
8.40646	UL	840	6	0	12	1	1	01	403	28	1	0	44.8656	0	0	
8.41146	UL	841	1	0	0	13	1	01	5271	28	1	0	44.8656	0	0	
8.41146	UL	841	1	0	0	13	1	01	5271	28	1	0	44.8656	0	0	
8.41196	UL	841	1	1	7	6	1	01	2433	28	1	0	44.8656	0	0	
8.41196	UL	841	1	1	7	6	1	01	2433	28	1	0	44.8656	0	0	
8.50646	UL	850	6	0	12	1	1	01	403	28	1	0	44.8656	0	0	
8.50646	UL	850	6	0	12	1	1	01	403	28	1	0	44.8656	0	0	
8.51146	UL	851	1	0	0	13	1	01	5271	28	1	0	44.8656	0	0	
8.51146	UL	851	1	0	0	13	1	01	5271	28	1	0	44.8656	0	0	
8.51196	UL	851	1	1	7	6	1	01	2433	28	1	0	44.8656	0	0	
8.51196	UL	851	1	1	7	6	1	01	2433	28	1	0	44.8656	0	0	
8.60646	UL	860	6	0	12	1	1	01	403	28	1	0	44.8656	0	0	
8.60646	UL	860	6	0	12	1	1	01	403	28	1	0	44.8656	0	0	
8.61146	UL	861	1	0	0	13	1	01	5271	28	1	0	44.8656	0	0	
8.61146	UL	861	1	0	0	13	1	01	5271	28	1	0	44.8656	0	0	
8.61196	UL	861	1	1	7	6	1	01	2433	28	1	0	44.8656	0	0	
8.61196	UL	861	1	1	7	6	1	01	2433	28	1	0	44.8656	0	0	
8.70646	UL	870	6	0	12	1	1	01	403	28	1	0	44.8656	0	0	
8.70646	UL	870	6	0	12	1	1	01	403	28	1	0	44.8656	0	0	
8.71146	UL	871	1	0	0	13	1	01	5271	28	1	0	44.8656	0	0	
8.71146	UL	871	1	0	0	13	1	01	5271	28	1	0	44.8656	0	0	
8.71196	UL	871	1	1	7	6	1	01	2433	28	1	0	44.8656	0	0	
8.71196	UL	871	1	1	7	6	1	01	2433	28	1	0	44.8656	0	0	
8.80646	UL	880	6	0	12	1	1	01	403	28	1	0	44.8656	0	0	
8.80646	UL	880	6	0	12	1	1	01	403	28	1	0	44.8656	0	0	
8.81146	UL	881	1	0	0	13	1	01	5271	28	1	0	44.8656	0	0	
8.81146	UL	881	1	0	0	13	1	01	5271	28	1	0	44.8656	0	0	
8.81196	UL	881	1	1	7	6	1	01	2433	28	1	0	44.8656	0	0	
8.81196	UL	881	1	1	7	6	1	01	2433	28	1	0	44.8656	0	0	
8.90646	UL	890	6	0	12	1	1	01	403	28	1	0	44.8656	0	0	
8.90646	UL	890	6	0	12	1	1	01	403	28	1	0	44.8656	0	0	
8.91146	UL	891	1	0	0	13	1	01	5271	28	1	0	44.8656	0	0	
8.91146	UL	891	1	0	0	13	1	01	5271	28	1	0	44.8656	0	0	
8.91196	UL	891	1	1	7	6	1	01	2433	28	1	0	44.8656	0	0	
8.91196	UL	891	1	1	7	6	1	01	2433	28	1	0	44.8656	0	0	
9.00646	UL	900	6	0	12	1	1	01	403	28	1	0	44.8656	0	0	
9.00646	UL	900	6	0	12	1	1	01	403	28	1	0	44.8656	0	0	
9.01146	UL	901	1	0	0	13	1	01	5271	28	1	0	44.8656	0	0	
9.01146	UL	901	1	0	0	13	1	01	5271	28	1	0	44.8656	0	0	
9.01196	UL	901	1	1	7	6	1	01	2433	28	1	0	44.8656	0	0	
9.01196	UL	901	1	1	7	6	1	01	2433	28	1	0	44.8656	0	0	
9.10646	UL	910	6	0	12	1	1	01	403	28	1	0	44.8656	0	0	
9.10646	UL	910	6	0	12	1	1	01	403	28	1	0	44.8656	0	0	
9.11146	UL	911	1	0	0	13	1	01	5271	28	1	0	44.8656	0	0	
9.11146	UL	911	1	0	0	13	1	01	5271	28	1	0	44.8656	0	0	
9.11196	UL	911	1	1	7	6	1	01	2433	28	1	0	44.8656	0	0	
9.11196	UL	911	1	1	7	6	1	01	2433	28	1	0	44.8656	0	0	
9.20646	UL	920	6	0	12	1	1	01	403	28	1	0	44.8656	0	0	
9.20646	UL	920	6	0	12	1	1	01	403	28	1	0	44.8656	0	0	
9.21146	UL	921	1	0	0	13	1	01	5271	28	1	0	44.8656	0	0	
9.21146	UL	921	1	0	0	13	1	01	5271	28	1	0	44.8656	0	0	
9.21196	UL	921	1	1	7	6	1	01	2433	28	1	0	44.8656	0	0	
9.21196	UL	921	1	1	7	6	1	01	2433	28	1	0	44.8656	0	0	
9.30646	UL	930	6	0	12	1	1	01	403	28	1	0	44.8656	0	0	
9.30646	UL	930	6	0	12	1	1	01	403	28	1	0	44.8656	0	0	
9.31146	UL	931	1	0	0	13	1	01	5271	28	1	0	44.8656	0	0	
9.31146	UL	931	1	0	0	13	1	01	5271	28	1	0	44.8656	0	0	
9.31196	UL	931	1	1	7	6	1	01	2433	28	1	0	44.8656	0	0	
9.31196	UL	931	1	1	7	6	1	01	2433	28	1	0	44.8656	0	0	
9.40646	UL	940	6	0	12	1	1	01	403	28	1	0	44.8656	0	0	
9.40646	UL	940	6	0	12	1	1	01	403	28	1	0	44.8656	0	0	
9.41146	UL	941	1	0	0	13	1	01	5271	28	1	0	44.8656	0	0	
9.41146	UL	941	1	0	0	13	1	01	5271	28	1	0	44.8656	0	0	
9.41196	UL	941	1	1	7	6	1	01	2433	28	1	0	44.8656	0	0	
9.41196	UL	941	1	1	7	6	1	01	2433	28	1	0	44.8656	0	0	
9.50646	UL	950	6	0	12	1	1	01	403	28	1	0	44.8656	0	0	
9.50646	UL	950	6	0	12	1	1	01	403	28	1	0	44.8656	0	0	
9.51146	UL	951	1	0	0	13	1	01	5271	28	1	0	44.8656	0	0	
9.51146	UL	951	1	0	0	13	1	01	5271	28	1	0	44.8656	0	0	
9.51196	UL	951	1	1	7	6	1	01	2433	28	1	0	44.8656	0	0	
9.51196	UL	951	1	1	7	6	1	01	2433	28	1	0	44.8656	0	0	
9.60646	UL	960	6	0	12	1	1	01	403	28	1	0	44.8656	0	0	
9.60646	UL	960	6	0	12	1	1	01	403	28	1	0	44.8656	0	0	
9.61146	UL	961	1	0	0	13	1	01	5271	28	1	0	44.8656	0	0	
9.61146	UL	961	1	0	0	13	1	01	5271	28	1	0	44.8656	0	0	
9.61196	UL	961	1	1	7	6	1	01	2433	28	1	0	44.8656	0	0	
9.61196	UL	961	1	1	7	6	1	01	2433	28	1	0	44.8656	0	0	
9.70646	UL	970	6	0	12	1	1	01	403	28	1	0	44.8656	0	0	
9.70646	UL	970	6	0	12	1	1	01	403	28	1	0	44.8656	0	0	
9.71146	UL	971	1	0	0	13	1	01	5271	28	1	0	44.8656	0	0	
9.71146	UL	971	1	0	0	13	1	01	5271	28	1	0	44.8656	0	0	
9.71196	UL	971	1	1	7	6	1	01	2433	28	1	0	44.8656	0	0	
9.71196	UL	971	1	1	7	6	1	01	2433	28	1	0	44.8656	0	0	
9.80646	UL	980	6	0	12	1	1	01	403	28	1	0	44.8656	0	0	
9.80646	UL	980	6	0	12	1	1	01	403	28	1	0	44.8656	0	0	
9.81146	UL	981	1	0	0	13	1	01	5271	28	1	0	44.8656	0	0	
9.81146	UL	981	1	0	0	13	1	01	5271	28	1	0	44.8656	0	0	
9.81196	UL	981	1	1	7	6	1	01	2433	28	1	0	44.8656	0	0	
9.81196	UL	981	1	1	7	6	1	01	2433	28	1	0	44.8656	0	0	
9.90646	UL	990	6	0	12	1	1	01	403	28	1	0	44.8656	0	0	
9.90646	UL	990	6	0	12	1	1	01	403	28	1	0	44.8656	0	0	
9.91146	UL	991	1	0	0	13	1	01	5271	28	1	0	44.8656	0	0	
9.91146	UL	991	1	0	0	13	1	01	5271	28	1	0	44.8656	0	0	
9.91196	UL	991	1	1	7	6	1	01	2433	28	1	0	44.8656	0	0	
9.91196	UL	991	1	1	7	6	1	01	2433	28	1	0	44.8656	0	0	
10.0065	UL	1000	6	0	12	1	1	01	403	28	1	0	44.8656	0	0	
10.0065	UL	1000	6	0	12	1	1	01	403	28	1	0	44.8656	0	0	
10.0115	UL	1001	1	0	0	13	1	01	5271	28	1	0	44.8656	0	0	
10.0115	UL	1001	1	0	0	13	1	01	5271	28	1	0	44.8656	0	0	
10.012	UL	1001	1	1	7	6	1	01	2433	28	1	0	44.8656	0	0	
10.012	UL	1001	1	1	7	6	1	01	2433	28	1	0	44.8656	0	0	
10.1065	UL	1010	6	0	12	1	1	01	403	28	1	0	44.8656	0	0	
10.1065	UL	1010	6	0	12	1	1	01	403	28	1	0	44.8656	0	0	
10.1115	UL	1011	1	0	0	13	1	01	5271	28	1	0	44.8656	0	0	
10.1115	UL	1011	1	0	0	13	1	01	5271	28	1	0	44.8656	0	0	
10.112	UL	1011	1	1	7	6	1	01	2433	28	1	0	44.8656	0	0	
10.112	UL	1011	1	1	7	6	1	01	2433	28	1	0	44.8656	0	0	
10.2065	UL	1020	6	0	12	1	1	01	403	28	1	0	44.8656	0	0	
10.2065	UL	1020	6	0	12	1	1	01	403	28	1	0	44.8656	0	0	
10.2115	UL	1021	1	0	0	13	1	01	5271	28	1	0	44.8656	0	0	
10.2115	UL	1021	1	0	0	13	1	01	5271	28	1	0	44.8656	0	0	
10.212	UL	1021	1	1	7	6	1	01	2433	28	1	0	44.8656	0	0	
10.212	UL	1021	1	1	7	6	1	01	2433	28	1	0	44.8656	0	0	
10.3065	UL	1030	6	0	12	1	1	01	403	28	1	0	44.8656	0	0	
10.3065	UL	1030	6	0	12	1	1	01	403	28	1	0	44.8656	0	0	
10.3115	UL	1031	1	0	0	13	1	01	5271	28	1	0	44.8656	0	0	
10.3115	UL	1031	1	0	0	13	1	01	5271	28	1	0	44.8656	0	0	
10.312	UL	1031	1	1	7	6	1	01	2433	28	1	0	44.8656	0	0	
10.312	UL	1031	1	1	7	6	1	01	2433	28	1	0	44.8656	0	0	
10.4065	UL	1040	6	0	12	1	1	01	403	28	1	0	44.8656	0	0	
10.4065	UL	1040	6	0	12	1	1	01	403	28	1	0	44.8656	0	0	
10.4115	UL	1041	1	0	0	13	1	01	5271	28	1	0	44.8656	0	0	
10.4115	UL	1041	1	0	0	13	1	01	5271	28	1	0	44.8656	0	0	
10.412	UL	1041	1	1	7	6	1	01	2433	28	1	0	44.8656	0	0	
10.412	UL	1041	1	1	7	6	1	01	2433	28	1	0	44.8656	0	0	
10.5065	UL	1050	6	0	12	1	1	01	403	28	1	0	44.8656	0	0	
10.5065	UL	1050	6	0	12	1	1	01	403	28	1	0	44.8656	0	0	
10.5115	UL	1051	1	0	0	13	1	01	5271	28	1	0	44.8656	0	0	
10.5115	UL	1051	1	0	0	13	1	01	5271	28	1	0	44.8656	0	0	
10.512	UL	1051	1	1	7	6	1	01	2433	28	1	0	44.8656	0	0	
10.512	UL	1051	1	1	7	6	1	01	2433	28	1	0	44.8656	0	0	
10.6065	UL	1060	6	0	12	1	1	01	403	28	1	0	44.8656	0	0	
10.6065	UL	1060	6	0	12	1	1	01	403	28	1	0	44.8656	0	0	
10.6115	UL	1061	1	0	0	13	1	01	5271	28	1	0	44.8656	0	0	
10.6115	UL	1061	1	0	0	13	1	01	5271	28	1	0	44.8656	0	0	
10.612	UL	1061	1	1	7	6	1	01	2433	28	1	0	44.8656	0	0	
10.612	UL	1061	1	1	7	6	1	01	2433	28	1	0	44.8656	0	0	
10.7065	UL	1070	6	0	12	1	1	01	403	28	1	0	44.8656	0	0	
10.7065	UL	1070	6	0	12	1	1	01	403	28	1	0	44.8656	0	0	
10.7115	UL	1071	1	0	0	13	1	01	5271	28	1	0	44.8656	0	0	
10.7115	UL	1071	1	0	0	13	1	01	5271	28	1	0	44.8656	0	0	
10.712	UL	1071	1	1	7	6	1	01	2433	28	1	0	44.8656	0	0	
10.712	UL	1071	1	1	7	6	1	01	2433	28	1	0	44.8656	0	0	
10.8065	UL	1080	6	0	12	1	1	01	403	28	1	0	44.8656	0	0	
10.8065	UL	1080	6	0	12	1	1	01	403	28	1	0	44.8656	0	0	
10.8115	UL	1081	1	0	0	13	1	01	5271	28	1	0	44.8656	0	0	
10.8115	UL	1081	1	0	0	13	1	01	5271	28	1	0	44.8656	0	0	
10.812	UL	1081	1	1	7	6	1	01	2433	28	1	0	44.8656	0	0	
10.812	UL	1081	1	1	7	6	1	01	2433	28	1	0	44.8656	0	0	
10.9065	UL	1090	6	0	12	1	1	01	403	28	1	0	44.8656	0	0	
10.9065	UL	1090	6	0	12	1	1	01	403	28	1	0	44.8656	0	0	
10.9115	UL	1091	1	0	0	13	1	01	5271	28	1	0	44.8656	0	0	
10.9115	UL	1091	1	0	0	13	1	01	5271	28	1	0	44.8656	0	0	
10.912	UL	1091	1	1	7	6	1	01	2433	28	1	0	44.8656	0	0	
10.912	UL	1091	1	1	7	6	1	01	2433	28	1	0	44.8656	0	0	
11.0065	UL	1100	6	0	12	1	1	01	403	28	1	0	44.8656	0	0	
11.0065	UL	1100	6	0	12	1	1	01	403	28	1	0	44.8656	0	0	
11.0115	UL	1101	1	0	0	13	1	01	5271	28	1	0	44.8656	0	0	
11.0115	UL	1101	1	0	0	13	1	01	5271	28	1	0	44.8656	0	0	
11.012	UL	1101	1	1	7	6	1	01	2433	28	1	0	44.8656	0	0	
11.012	UL	1101	1	1	7	6	1	01	2433	28	1	0	44.8656	0	0	
11.1065	UL	1110	6	0	12	1	1	01	403	28	1	0	44.8656	0	0	
11.1065	UL	1110	6	0	12	1	1	01	403	28	1	0	44.8656	0	0	
11.1115	UL	1111	1	0	0	13	1	01	5271	28	1	0	44.8656	0	0	
11.1115	UL	1111	1	0	0	13	1	01	5271	28	1	0	44.8656	0	0	
11.112	UL	1111	1	1	7	6	1	01	2433	28	1	0	44.8656	0	0	
11.112	UL	1111	1	1	7	6	1	01	2433	28	1	0	44.8656	0	0	
11.2065	UL	1120	6	0	12	1	1	01	403	28	1	0	44.8656	0	0	
11.2065	UL	1120	6	0	12	1	1	01	403	28	1	0	44.8656	0	0	
11.2115	UL	1121	1	0	0	13	1	01	5271	28	1	0	44.8656	0	0	
11.2115	UL	1121	1	0	0	13	1	01	5271	28	1	0	44.8656	0	0	
11.212	UL	1121	1	1	7	6	1	01	2433	28	1	0	44.8656	0	0	
11.212	UL	1121	1	1	7	6	1	01	2433	28	1	0	44.8656	0	0	
11.3065	UL	1130	6	0	12	1	1	01	403	28	1	0	44.8656	0	0	
11.3065	UL	1130	6	0	12	1	1	01	403	28	1	0	44.8656	0	0	
11.3115	UL	1131	1	0	0	13	1	01	5271	28	1	0	44.8656	0	0	
11.3115	UL	1131	1	0	0	13	1	01	5271	28	1	0	44.8656	0	0	
11.312	UL	1131	1	1	7	6	1	01	2433	28	1	0	44.8656	0	0	
11.312	UL	1131	1	1	7	6	1	01	2433	28	1	0	44.8656	0	0	
11.4065	UL	1140	6	0	12	1	1	01	403	28	1	0	44.8656	0	0	
11.4065	UL	1140	6	0	12	1	1	01	403	28	1	0	44.8656	0	0	
11.4115	UL	1141	1	0	0	13	1	01	5271	28	1	0	44.8656	0	0	
11.4115	UL	1141	1	0	0	13	1	01	5271	28	1	0	44.8656	0	0	
11.412	UL	1141	1	1	7	6	1	01	2433	28	1	0	44.8656	0	0	
11.412	UL	1141	1	1	7	6	1	01	2433	28	1	0	44.8656	0	0	
11.5065	UL	1150	6	0	12	1	1	01	403	28	1	0	44.8656	0	0	
11.5065	UL	1150	6	0	12	1	1	01	403	28	1	0	44.8656	0	0	
11.5115	UL	1151	1	0	0	13	1	01	5271	28	1	0	44.8656	0	0	
11.5115	UL	1151	1	0	0	13	1	01	5271	28	1	0	44.8656	0	0	
11.512	UL	1151	1	1	7	6	1	01	2433	28	1	0	44.8656	0	0	
11.512	UL	1151	1	1	7	6	1	01	2433	28	1	0	44.8656	0	0	
11.6065	UL	1160	6	0	12	1	1	01	403	28	1	0	44.8656	0	0	
11.6065	UL	1160	6	0	12	1	1	01	403	28	1	0	44.8656	0	0	
11.6115	UL	1161	1	0	0	13	1	01	5271	28	1	0	44.8656	0	0	
11.6115	UL	1161	1	0	0	13	1	01	5271	28	1	0	44.8656	0	0	
11.612	UL	1161	1	1	7	6	1	01	2433	28	1	0	44.8656	0	0	
11.612	UL	1161	1	1	7	6	1	01	2433	28	1	0	44.8656	0	0	
11.7065	UL	1170	6	0	12	1	1	01	403	28	1	0	44.8656	0	0	
11.7065	UL	1170	6	0	12	1	1	01	403	28	1	0	44.8656	0	0	
11.7115	UL	1171	1	0	0	13	1	01	5271	28	1	0	44.8656	0	0	
11.7115	UL	1171	1	0	0	13	1	01	5271	28	1	0	44.8656	0	0	
11.712	UL	1171	1	1	7	6	1	01	2433	28	1	0	44.8656	0	0	
11.712	UL	1171	1	1	7	6	1	01	2433	28	1	0	44.8656	0	0	
11.8065	UL	1180	6	0	12	1	1	01	403	28	1	0	44.8656	0	0	
11.8065	UL	1180	6	0	12	1	1	01	403	28	1	0	44.8656	0	0	
11.8115	UL	1181	1	0	0	13	1	01	5271	28	1	0	44.8656	0	0	
11.8115	UL	1181	1	0	0	13	1	01	5271	28	1	0	44.8656	0	0	
11.812	UL	1181	1	1	7	6	1	01	2433	28	1	0	44.8656	0	0	
11.812	UL	1181	1	1	7	6	1	01	2433	28	1	0	44.8656	0	0	
11.9065	UL	1190	6	0	12	1	1	01	403	28	1	0	44.8656	0	0	
11.9065	UL	1190	6	0	12	1	1	01	403	28	1	0	44.8656	0	0	
11.9115	UL	1191	1	0	0	13	1	01	5271	28	1	0	44.8656	0	0	
11.9115	UL	1191	1	0	0	13	1	01	5271	28	1	0	44.8656	0	0	
11.912	UL	1191	1	1	7	6	1	01	2433	28	1	0	44.8656	0	0	
11.912	UL	1191	1	1	7	6	1	01	2433	28	1	0	44.8656	0	0	
12.0065	UL	1200	6	0	12	1	1	01	403	28	1	0	44.8656	0	0	
12.0065	UL	1200	6	0	12	1	1	01	403	28	1	0	44.8656	0	0	
12.0115	UL	1201	1	0	0	13	1	01	5271	28	1	0	44.8656	0	0	
12.0115	UL	1201	1	0	0	13	1	01	5271	28	1	0	44.8656	0	0	
12.012	UL	1201	1	1	7	6	1	01	2433	28	1	0	44.8656	0	0	
12.012	UL	1201	1	1	7	6	1	01	2433	28	1	0	44.8656	0	0	
12.1065	UL	1210	6	0	12	1	1	01	403	28	1	0	44.8656	0	0	
12.1065	UL	1210	6	0	12	1	1	01	403	28	1	0	44.8656	0	0	
12.1115	UL	1211	1	0	0	13	1	01	5271	28	1	0	44.8656	0	0	
12.1115	UL	1211	1	0	0	13	1	01	5271	28	1	0	44.8656	0	0	
12.112	UL	1211	1	1	7	6	1	01	2433	28	1	0	44.8656	0	0	
12.112	UL	1211	1	1	7	6	1	01	2433	28	1	0	44.8656	0	0	
12.2065	UL	1220	6	0	12	1	1	01	403	28	1	0	44.8656	0	0	
12.2065	UL	1220	6	0	12	1	1	01	403	28	1	0	44.8656	0	0	
12.2115	UL	1221	1	0	0	13	1	01	5271	28	1	0	44.8656	0	0	
12.2115	UL	1221	1	0	0	13	1	01	5271	28	1	0	44.8656	0	0	
12.212	UL	1221	1	1	7	6	1	01	2433	28	1	0	44.8656	0	0	
12.212	UL	1221	1	1	7	6	1	01	2433	28	1	0	44.8656	0	0	
12.3065	UL	1230	6	0	12	1	1	01	403	28	1	0	44.8656	0	0	
12.3065	UL	1230	6	0	12	1	1	01	403	28	1	0	44.8656	0	0	
12.3115	UL	1231	1	0	0	13	1	01	5271	28	1	0	44.8656	0	0	
12.3115	UL	1231	1	0	0	13	1	01	5271	28	1	0	44.8656	0	0	
12.312	UL	1231	1	1	7	6	1	01	2433	28	1	0	44.8656	0	0	
12.312	UL	1231	1	1	7	6	1	01	2433	28	1	0	44.8656	0	0	
12.4065	UL	1240	6	0	12	1	1	01	403	28	1	0	44.8656	0	0	
12.4065	UL	1240	6	0	12	1	1	01	403	28	1	0	44.8656	0	0	
12.4115	UL	1241	1	0	0	13	1	01	5271	28	1	0	44.8656	0	0	
12.4115	UL	1241	1	0	0	13	1	01	5271	28	1	0	44.8656	0	0	
12.412	UL	1241	1	1	7	6	1	01	2433	28	1	0	44.8656	0	0	
12.412	UL	1241	1	1	7	6	1	01	2433	28	1	0	44.8656	0	0	
12.5065	UL	1250	6	0	12	1	1	01	403	28	1	0	44.8656	0	0	
12.5065	UL	1250	6	0	12	1	1	01	403	28	1	0	44.8656	0	0	
12.5115	UL	1251	1	0	0	13	1	01	5271	28	1	0	44.8656	0	0	
12.5115	UL	1251	1	0	0	13	1	01	5271	28	1	0	44.8656	0	0	
12.512	UL	1251	1	1	7	6	1	01	2433	28	1	0	44.8656	0	0	
12.512	UL	1251	1	1	7	6	1	01	2433	28	1	0	44.8656	0	0	
12.6065	UL	1260	6	0	12	1	1	01	403	28	1	0	44.8656	0	0	
12.6065	UL	1260	6	0	12	1	1	01	403	28	1	0	44.8656	0	0	
12.6115	UL	1261	1	0	0	13	1	01	5271	28	1	0	44.8656	0	0	
12.6115	UL	1261	1	0	0	13	1	01	5271	28	1	0	44.8656	0	0	
12.612	UL	1261	1	1	7	6	1	01	2433	28	1	0	44.8656	0	0	
12.612	UL	1261	1	1	7	6	1	01	2433	28	1	0	44.8656	0	0	
12.7065	UL	1270	6	0	12	1	1	01	403	28	1	0	44.8656	0	0	
12.7065	UL	1270	6	0	12	1	1	01	403	28	1	0	44.8656	0	0	
12.7115	UL	1271	1	0	0	13	1	01	5271	28	1	0	44.8656	0	0	
12.7115	UL	1271	1	0	0	13	1	01	5271	28	1	0	44.8656	0	0	
12.712	UL	1271	1	1	7	6	1	01	2433	28	1	0	44.8656	0	0	
12.712	UL	1271	1	1	7	6	1	01	2433	28	1	0	44.8656	0	0	
12.8065	UL	1280	6	0	12	1	1	01	403	28	1	0	44.8656	0	0	
12.8065	UL	1280	6	0	12	1	1	01	403	28	1	0	44.8656	0	0	
12.8115	UL	1281	1	0	0	13	1	01	5271	28	1	0	44.8656	0	0	
12.8115	UL	1281	1	0	0	13	1	01	5271	28	1	0	44.8656	0	0	
12.812	UL	1281	1	1	7	6	1	01	2433	28	1	0	44.8656	0	0	
12.812	UL	1281	1	1	7	6	1	01	2433	28	1	0	44.8656	0	0	
12.9065	UL	1290	6	0	12	1	1	01	403	28	1	0	44.8656	0	0	
12.9065	UL	1290	6	0	12	1	1	01	403	28	1	0	44.8656	0	0	
12.9115	UL	1291	1	0	0	13	1	01	5271	28	1	0	44.8656	0	0	
12.9115	UL	1291	1	0	0	13	1	01	5271	28	1	0	44.8656	0	0	
12.912	UL	1291	1	1	7	6	1	01	2433	28	1	0	44.8656	0	0	
12.912	UL	1291	1	1	7	6	1	01	2433	28	1	0	44.8656	0	0	
13.0065	UL	1300	6	0	12	1	1	01	403	28	1	0	44.8656	0	0	
13.0065	UL	1300	6	0	12	1	1	01	403	28	1	0	44.8656	0	0	
13.0115	UL	1301	1	0	0	13	1	01	5271	28	1	0	44.8656	0	0	
13.0115	UL	1301	1	0	0	13	1	01	5271	28	1	0	44.8656	0	0	
13.012	UL	1301	1	1	7	6	1	01	2433	28	1	0	44.8656	0	0	
13.012	UL	1301	1	1	7	6	1	01	2433	28	1	0	44.8656	0	0	
13.1065	UL	1310	6	0	12	1	1	01	403	28	1	0	44.8656	0	0	
13.1065	UL	1310	6	0	12	1	1	01	403	28	1	0	44.8656	0	0	
13.1115	UL	1311	1	0	0	13	1	01	5271	28	1	0	44.8656	0	0	
13.1115	UL	1311	1	0	0	13	1	01	5271	28	1	0	44.8656	0	0	
13.112	UL	1311	1	1	7	6	1	01	2433	28	1	0	44.8656	0	0	
13.112	UL	1311	1	1	7	6	1	01	2433	28	1	0	44.8656	0	0	
13.2065	UL	1320	6	0	12	1	1	01	403	28	1	0	44.8656	0	0	
13.2065	UL	1320	6	0	12	1	1	01	403	28	1	0	44.8656	0	0	
13.2115	UL	1321	1	0	0	13	1	01	5271	28	1	0	44.8656	0	0	
13.2115	UL	1321	1	0	0	13	1	01	5271	28	1	0	44.8656	0	0	
13.212	UL	1321	1	1	7	6	1	01	2433	28	1	0	44.8656	0	0	
13.212	UL	1321	1	1	7	6	1	01	2433	28	1	0	44.8656	0	0	
13.3065	UL	1330	6	0	12	1	1	01	403	28	1	0	44.8656	0	0	
13.3065	UL	1330	6	0	12	1	1	01	403	28	1	0	44.8656	0	0	
13.3115	UL	1331	1	0	0	13	1	01	5271	28	1	0	44.8656	0	0	
13.3115	UL	1331	1	0	0	13	1	01	5271	28	1	0	44.8656	0	0	
13.312	UL	1331	1	1	7	6	1	01	2433	28	1	0	44.8656	0	0	
13.312	UL	1331	1	1	7	6	1	01	2433	28	1	0	44.8656	0	0	
13.4065	UL	1340	6	0	12	1	1	01	403	28	1	0	44.8656	0	0	
13.4065	UL	1340	6	0	12	1	1	01	403	28	1	0	44.8656	0	0	
13.4115	UL	1341	1	0	0	13	1	01	5271	28	1	0	44.8656	0	0	
13.4115	UL	1341	1	0	0	13	1	01	5271	28	1	0	44.8656	0	0	
13.412	UL	1341	1	1	7	6	1	01	2433	28	1	0	44.8656	0	0	
13.412	UL	1341	1	1	7	6	1	01	2433	28	1	0	44.8656	0	0	
13.5065	UL	1350	6	0	12	1	1	01	403	28	1	0	44.8656	0	0	
13.5065	UL	1350	6	0	12	1	1	01	403	28	1	0	44.8656	0	0	
13.5115	UL	1351	1	0	0	13	1	01	5271	28	1	0	44.8656	0	0	
13.5115	UL	1351	1	0	0	13	1	01	5271	28	1	0	44.8656	0	0	
13.512	UL	1351	1	1	7	6	1	01	2433	28	1	0	44.8656	0	0	
13.512	UL	1351	1	1	7	6	1	01	2433	28	1	0	44.8656	0	0	
13.6065	UL	1360	6	0	12	1	1	01	403	28	1	0	44.8656	0	0	
13.6065	UL	1360	6	0	12	1	1	01	403	28	1	0	44.8656	0	0	
13.6115	UL	1361	1	0	0	13	1	01	5271	28	1	0	44.8656	0	0	
13.6115	UL	1361	1	0	0	13	1	01	5271	28	1	0	44.8656	0	0	
13.612	UL	1361	1	1	7	6	1	01	2433	28	1	0	44.8656	0	0	
13.612	UL	1361	1	1	7	6	1	01	2433	28	1	0	44.8656	0	0	
13.7065	UL	1370	6	0	12	1	1	01	403	28	1	0	44.8656	0	0	
13.7065	UL	1370	6	0	12	1	1	01	403	28	1	0	44.8656	0	0	
13.7115	UL	1371	1	0	0	13	1	01	5271	28	1	0	44.8656	0	0	
13.7115	UL	1371	1	0	0	13	1	01	5271	28	1	0	44.8656	0	0	
13.712	UL	1371	1	1	7	6	1	01	2433	28	1	0	44.8656	0	0	
13.712	UL	1371	1	1	7	6	1	01	2433	28	1	0	44.8656	0	0	
13.8065	UL	1380	6	0	12	1	1	01	403	28	1	0	44.8656	0	0	
13.8065	UL	1380	6	0	12	1	1	01	403	28	1	0	44.8656	0	0	
13.8115	UL	1381	1	0	0	13	1	01	5271	28	1	0	44.8656	0	0	
13.8115	UL	1381	1	0	0	13	1	01	5271	28	1	0	44.8656	0	0	
13.812	UL	1381	1	1	7	6	1	01	2433	28	1	0	44.8656	0	0	
13.812	UL	1381	1	1	7	6	1	01	2433	28	1	0	44.8656	0	0	
13.9065	UL	1390	6	0	12	1	1	01	403	28	1	0	44.8656	0	0	
13.9065	UL	1390	6	0	12	1	1	01	403	28	1	0	44.8656	0	0	
13.9115	UL	1391	1	0	0	13	1	01	5271	28	1	0	44.8656	0	0	
13.9115	UL	1391	1	0	0	13	1	01	5271	28	1	0	44.8656	0	0	
13.912	UL	1391	1	1	7	6	1	01	2433	28	1	0	44.8656	0	0	
13.912	UL	1391	1	1	7	6	1	01	2433	28	1	0	44.8656	0	0	
14.0065	UL	1400	6	0	12	1	1	01	403	28	1	0	44.8656	0	0	
14.0065	UL	1400	6	0	12	1	1	01	403	28	1	0	44.8656	0	0	
14.0115	UL	1401	1	0	0	13	1	01	5271	28	1	0	44.8656	0	0	
14.0115	UL	1401	1	0	0	13	1	01	5271	28	1	0	44.8656	0	0	
14.012	UL	1401	1	1	7	6	1	01	2433	28	1	0	44.8656	0	0	
14.012	UL	1401	1	1	7	6	1	01	2433	28	1	0	44.8656	0	0	
14.1065	UL	1410	6	0	12	1	1	01	403	28	1	0	44.8656	0	0	
14.1065	UL	1410	6	0	12	1	1	01	403	28	1	0	44.8656	0	0	
14.1115	UL	1411	1	0	0	13	1	01	5271	28	1	0	44.8656	0	0	
14.1115	UL	1411	1	0	0	13	1	01	5271	28	1	0	44.8656	0	0	
14.112	UL	1411	1	1	7	6	1	01	2433	28	1	0	44.8656	0	0	
14.112	UL	1411	1	1	7	6	1	01	2433	28	1	0	44.8656	0	0	
14.2065	UL	1420	6	0	12	1	1	01	403	28	1	0	44.8656	0	0	
14.2065	UL	1420	6	0	12	1	1	01	403	28	1	0	44.8656	0	0	
14.2115	UL	1421	1	0	0	13	1	01	5271	28	1	0	44.8656	0	0	
14.2115	UL	1421	1	0	0	13	1	01	5271	28	1	0	44.8656	0	0	
14.212	UL	1421	1	1	7	6	1	01	2433	28	1	0	44.8656	0	0	
14.212	UL	1421	1	1	7	6	1	01	2433	28	1	0	44.8656	0	0	
14.3065	UL	1430	6	0	12	1	1	01	403	28	1	0	44.8656	0	0	
14.3065	UL	1430	6	0	12	1	1	01	403	28	1	0	44.8656	0	0	
14.3115	UL	1431	1	0	0	13	1	01	5271	28	1	0	44.8656	0	0	
14.3115	UL	1431	1	0	0	13	1	01	5271	28	1	0	44.8656	0	0	
14.312	UL	1431	1	1	7	6	1	01	2433	28	1	0	44.8656	0	0	
14.312	UL	1431	1	1	7	6	1	01	2433	28	1	0	44.8656	0	0	
14.4065	UL	1440	6	0	12	1	1	01	403	28	1	0	44.8656	0	0	
14.4065	UL	1440	6	0	12	1	1	01	403	28	1	0	44.8656	0	0	
14.4115	UL	1441	1	0	0	13	1	01	5271	28	1	0	44.8656	0	0	
14.4115	UL	1441	1	0	0	13	1	01	5271	28	1	0	44.8656	0	0	
14.412	UL	1441	1	1	7	6	1	01	2433	28	1	0	44.8656	0	0	
14.412	UL	1441	1	1	7	6	1	01	2433	28	1	0	44.8656	0	0	
14.5065	UL	1450	6	0	12	1	1	01	403	28	1	0	44.8656	0	0	
14.5065	UL	1450	6	0	12	1	1	01	403	28	1	0	44.8656	0	0	
14.5115	UL	1451	1	0	0	13	1	01	5271	28	1	0	44.8656	0	0	
14.5115	UL	1451	1	0	0	13	1	01	5271	28	1	0	44.8656	0	0	
14.512	UL	1451	1	1	7	6	1	01	2433	28	1	0	44.8656	0	0	
14.512	UL	1451	1	1	7	6	1	01	2433	28	1	0	44.8656	0	0	
14.6065	UL	1460	6	0	12	1	1	01	403	28	1	0	44.8656	0	0	
14.6065	UL	1460	6	0	12	1	1	01	403	28	1	0	44.8656	0	0	
14.6115	UL	1461	1	0	0	13	1	01	5271	28	1	0	44.8656	0	0	
14.6115	UL	1461	1	0	0	13	1	01	5271	28	1	0	44.8656	0	0	
14.612	UL	1461	1	1	7	6	1	01	2433	28	1	0	44.8656	0	0	
14.612	UL	1461	1	1	7	6	1	01	2433	28	1	0	44.8656	0	0	
14.7065	UL	1470	6	0	12	1	1	01	403	28	1	0	44.8656	0	0	
14.7065	UL	1470	6	0	12	1	1	01	403	28	1	0	44.8656	0	0	
14.7115	UL	1471	1	0	0	13	1	01	5271	28	1	0	44.8656	0	0	
14.7115	UL	1471	1	0	0	13	1	01	5271	28	1	0	44.8656	0	0	
14.712	UL	1471	1	1	7	6	1	01	2433	28	1	0	44.8656	0	0	
14.712	UL	1471	1	1	7	6	1	01	2433	28	1	0	44.8656	0	0	
14.8065	UL	1480	6	0	12	1	1	01	403	28	1	0	44.8656	0	0	
14.8065	UL	1480	6	0	12	1	1	01	403	28	1	0	44.8656	0	0	
14.8115	UL	1481	1	0	0	13	1	01	5271	28	1	0	44.8656	0	0	
14.8115	UL	1481	1	0	0	13	1	01	5271	28	1	0	44.8656	0	0	
14.812	UL	1481	1	1	7	6	1	01	2433	28	1	0	44.8656	0	0	
14.812	UL	1481	1	1	7	6	1	01	2433	28	1	0	44.8656	0	0	
14.9065	UL	1490	6	0	12	1	1	01	403	28	1	0	44.8656	0	0	
14.9065	UL	1490	6	0	12	1	1	01	403	28	1	0	44.8656	0	0	
14.9115	UL	1491	1	0	0	13	1	01	5271	28	1	0	44.8656	0	0	
14.9115	UL	1491	1	0	0	13	1	01	5271	28	1	0	44.8656	0	0	
14.912	UL	1491	1	1	7	6	1	01	2433	28	1	0	44.8656	0	0	
14.912	UL	1491	1	1	7	6	1	01	2433	28	1	0	44.8656	0	0	
15.0065	UL	1500	6	0	12	1	1	01	403	28	1	0	44.8656	0	0	
15.0065	UL	1500	6	0	12	1	1	01	403	28	1	0	44.8656	0	0	
15.0115	UL	1501	1	0	0	13	1	01	5271	28	1	0	44.8656	0	0	
15.0115	UL	1501	1	0	0	13	1	01	5271	28	1	0	44.8656	0	0	
15.012	UL	1501	1	1	7	6	1	01	2433	28	1	0	44.8656	0	0	
15.012	UL	1501	1	1	7	6	1	01	2433	28	1	0	44.8656	0	0	
15.1065	UL	1510	6	0	12	1	1	01	403	28	1	0	44.8656	0	0	
15.1065	UL	1510	6	0	12	1	1	01	403	28	1	0	44.8656	0	0	
15.1115	UL	1511	1	0	0	13	1	01	5271	28	1	0	44.8656	0	0	
15.1115	UL	1511	1	0	0	13	1	01	5271	28	1	0	44.8656	0	0	
15.112	UL	1511	1	1	7	6	1	01	2433	28	1	0	44.8656	0	0	
15.112	UL	1511	1	1	7	6	1	01	2433	28	1	0	44.8656	0	0	
15.2065	UL	1520	6	0	12	1	1	01	403	28	1	0	44.8656	0	0	
15.2065	UL	1520	6	0	12	1	1	01	403	28	1	0	44.8656	0	0	
15.2115	UL	1521	1	0	0	13	1	01	5271	28	1	0	44.8656	0	0	
15.2115	UL	1521	1	0	0	13	1	01	5271	28	1	0	44.8656	0	0	
15.212	UL	1521	1	1	7	6	1	01	2433	28	1	0	44.8656	0	0	
15.212	UL	1521	1	1	7	6	1	01	2433	28	1	0	44.8656	0	0	
15.3065	UL	1530	6	0	12	1	1	01	403	28	1	0	44.8656	0	0	
15.3065	UL	1530	6	0	12	1	1	01	403	28	1	0	44.8656	0	0	
15.3115	UL	1531	1	0	0	13	1	01	5271	28	1	0	44.8656	0	0	
15.3115	UL	1531	1	0	0	13	1	01	5271	28	1	0	44.8656	0	0	
15.312	UL	1531	1	1	7	6	1	01	2433	28	1	0	44.8656	0	0	
15.312	UL	1531	1	1	7	6	1	01	2433	28	1	0	44.8656	0	0	
15.4065	UL	1540	6	0	12	1	1	01	403	28	1	0	44.8656	0	0	
15.4065	UL	1540	6	0	12	1	1	01	403	28	1	0	44.8656	0	0	
15.4115	UL	1541	1	0	0	13	1	01	5271	28	1	0	44.8656	0	0	
15.4115	UL	1541	1	0	0	13	1	01	5271	28	1	0	44.8656	0	0	
15.412	UL	1541	1	1	7	6	1	01	2433	28	1	0	44.8656	0	0	
15.412	UL	1541	1	1	7	6	1	01	2433	28	1	0	44.8656	0	0	
15.5065	UL	1550	6	0	12	1	1	01	403	28	1	0	44.8656	0	0	
15.5065	UL	1550	6	0	12	1	1	01	403	28	1	0	44.8656	0	0	
15.5115	UL	1551	1	0	0	13	1	01	5271	28	1	0	44.8656	0	0	
15.5115	UL	1551	1	0	0	13	1	01	5271	28	1	0	44.8656	0	0	
15.512	UL	1551	1	1	7	6	1	01	2433	28	1	0	44.8656	0	0	
15.512	UL	1551	1	1	7	6	1	01	2433	28	1	0	44.8656	0	0	
15.6065	UL	1560	6	0	12	1	1	01	403	28	1	0	44.8656	0	0	
15.6065	UL	1560	6	0	12	1	1	01	403	28	1	0	44.8656	0	0	
15.6115	UL	1561	1	0	0	13	1	01	5271	28	1	0	44.8656	0	0	
15.6115	UL	1561	1	0	0	13	1	01	5271	28	1	0	44.8656	0	0	
15.612	UL	1561	1	1	7	6	1	01	2433	28	1	0	44.8656	0	0	
15.612	UL	1561	1	1	7	6	1	01	2433	28	1	0	44.8656	0	0	
15.7065	UL	1570	6	0	12	1	1	01	403	28	1	0	44.8656	0	0	
15.7065	UL	1570	6	0	12	1	1	01	403	28	1	0	44.8656	0	0	
15.7115	UL	1571	1	0	0	13	1	01	5271	28	1	0	44.8656	0	0	
15.7115	UL	1571	1	0	0	13	1	01	5271	28	1	0	44.8656	0	0	
15.712	UL	1571	1	1	7	6	1	01	2433	28	1	0	44.8656	0	0	
15.712	UL	1571	1	1	7	6	1	01	2433	28	1	0	44.8656	0	0	
15.8065	UL	1580	6	0	12	1	1	01	403	28	1	0	44.8656	0	0	
15.8065	UL	1580	6	0	12	1	1	01	403	28	1	0	44.8656	0	0	
15.8115	UL	1581	1	0	0	13	1	01	5271	28	1	0	44.8656	0	0	
15.8115	UL	1581	1	0	0	13	1	01	5271	28	1	0	44.8656	0	0	
15.812	UL	1581	1	1	7	6	1	01	2433	28	1	0	44.8656	0	0	
15.812	UL	1581	1	1	7	6	1	01	2433	28	1	0	44.8656	0	0	
15.9065	UL	1590	6	0	12	1	1	01	403	28	1	0	44.8656	0	0	
15.9065	UL	1590	6	0	12	1	1	01	403	28	1	0	44.8656	0	0	
15.9115	UL	1591	1	0	0	13	1	01	5271	28	1	0	44.8656	0	0	
15.9115	UL	1591	1	0	0	13	1	01	5271	28	1	0	44.8656	0	0	
15.912	UL	1591	1	1	7	6	1	01	2433	28	1	0	44.8656	0	0	
15.912	UL	1591	1	1	7	6	1	01	2433	28	1	0	44.8656	0	0	
16.0065	UL	1600	6	0	12	1	1	01	403	28	1	0	44.8656	0	0	
16.0065	UL	1600	6	0	12	1	1	01	403	28	1	0	44.8656	0	0	
16.0115	UL	1601	1	0	0	13	1	01	5271	28	1	0	44.8656	0	0	
16.0115	UL	1601	1	0	0	13	1	01	5271	28	1	0	44.8656	0	0	
16.012	UL	1601	1	1	7	6	1	01	2433	28	1	0	44.8656	0	0	
16.012	UL	1601	1	1	7	6	1	01	2433	28	1	0	44.8656	0	0	
16.1065	UL	1610	6	0	12	1	1	01	403	28	1	0	44.8656	0	0	
16.1065	UL	1610	6	0	12	1	1	01	403	28	1	0	44.8656	0	0	
16.1115	UL	1611	1	0	0	13	1	01	5271	28	1	0	44.8656	0	0	
16.1115	UL	1611	1	0	0	13	1	01	5271	28	1	0	44.8656	0	0	
16.112	UL	1611	1	1	7	6	1	01	2433	28	1	0	44.8656	0	0	
16.112	UL	1611	1	1	7	6	1	01	2433	28	1	0	44.8656	0	0	
16.2065	UL	1620	6	0	12	1	1	01	403	28	1	0	44.8656	0	0	
16.2065	UL	1620	6	0	12	1	1	01	403	28	1	0	44.8656	0	0	
16.2115	UL	1621	1	0	0	13	1	01	5271	28	1	0	44.8656	0	0	
16.2115	UL	1621	1	0	0	13	1	01	5271	28	1	0	44.8656	0	0	
16.212	UL	1621	1	1	7	6	1	01	2433	28	1	0	44.8656	0	0	
16.212	UL	1621	1	1	7	6	1	01	2433	28	1	0	44.8656	0	0	
16.3065	UL	1630	6	0	12	1	1	01	403	28	1	0	44.8656	0	0	
16.3065	UL	1630	6	0	12	1	1	01	403	28	1	0	44.8656	0	0	
16.3115	UL	1631	1	0	0	13	1	01	5271	28	1	0	44.8656	0	0	
16.3115	UL	1631	1	0	0	13	1	01	5271	28	1	0	44.8656	0	0	
16.312	UL	1631	1	1	7	6	1	01	2433	28	1	0	44.8656	0	0	
16.312	UL	1631	1	1	7	6	1	01	2433	28	1	0	44.8656	0	0	
16.4065	UL	1640	6	0	12	1	1	01	403	28	1	0	44.8656	0	0	
16.4065	UL	1640	6	0	12	1	1	01	403	28	1	0	44.8656	0	0	
16.4115	UL	1641	1	0	0	13	1	01	5271	28	1	0	44.8656	0	0	
16.4115	UL	1641	1	0	0	13	1	01	5271	28	1	0	44.8656	0	0	
16.412	UL	1641	1	1	7	6	1	01	2433	28	1	0	44.8656	0	0	
16.412	UL	1641	1	1	7	6	1	01	2433	28	1	0	44.8656	0	0	
16.5065	UL	1650	6	0	12	1	1	01	403	28	1	0	44.8656	0	0	
16.5065	UL	1650	6	0	12	1	1	01	403	28	1	0	44.8656	0	0	
16.5115	UL	1651	1	0	0	13	1	01	5271	28	1	0	44.8656	0	0	
16.5115	UL	1651	1	0	0	13	1	01	5271	28	1	0	44.8656	0	0	
16.512	UL	1651	1	1	7	6	1	01	2433	28	1	0	44.8656	0	0	
16.512	UL	1651	1	1	7	6	1	01	2433	28	1	0	44.8656	0	0	
16.6065	UL	1660	6	0	12	1	1	01	403	28	1	0	44.8656	0	0	
16.6065	UL	1660	6	0	12	1	1	01	403	28	1	0	44.8656	0	0	
16.6115	UL	1661	1	0	0	13	1	01	5271	28	1	0	44.8656	0	0	
16.6115	UL	1661	1	0	0	13	1	01	5271	28	1	0	44.8656	0	0	
16.612	UL	1661	1	1	7	6	1	01	2433	28	1	0	44.8656	0	0	
16.612	UL	1661	1	1	7	6	1	01	2433	28	1	0	44.8656	0	0	
16.7065	UL	1670	6	0	12	1	1	01	403	28	1	0	44.8656	0	0	
16.7065	UL	1670	6	0	12	1	1	01	403	28	1	0	44.8656	0	0	
16.7115	UL	1671	1	0	0	13	1	01	5271	28	1	0	44.8656	0	0	
16.7115	UL	1671	1	0	0	13	1	01	5271	28	1	0	44.8656	0	0	
16.712	UL	1671	1	1	7	6	1	01	2433	28	1	0	44.8656	0	0	
16.712	UL	1671	1	1	7	6	1	01	2433	28	1	0	44.8656	0	0	
16.8065	UL	1680	6	0	12	1	1	01	403	28	1	0	44.8656	0	0	
16.8065	UL	1680	6	0	12	1	1	01	403	28	1	0	44.8656	0	0	
16.8115	UL	1681	1	0	0	13	1	01	5271	28	1	0	44.8656	0	0	
16.8115	UL	1681	1	0	0	13	1	01	5271	28	1	0	44.8656	0	0	
16.812	UL	1681	1	1	7	6	1	01	2433	28	1	0	44.8656	0	0	
16.812	UL	1681	1	1	7	6	1	01	2433	28	1	0	44.8656	0	0	
16.9065	UL	1690	6	0	12	1	1	01	403	28	1	0	44.8656	0	0	
16.9065	UL	1690	6	0	12	1	1	01	403	28	1	0	44.8656	0	0	
16.9115	UL	1691	1	0	0	13	1	01	5271	28	1	0	44.8656	0	0	
16.9115	UL	1691	1	0	0	13	1	01	5271	28	1	0	44.8656	0	0	
16.912	UL	1691	1	1	7	6	1	01	2433	28	1	0	44.8656	0	0	
16.912	UL	1691	1	1	7	6	1	01	2433	28	1	0	44.8656	0	0	
17.0065	UL	1700	6	0	12	1	1	01	403	28	1	0	44.8656	0	0	
17.0065	UL	1700	6	0	12	1	1	01	403	28	1	0	44.8656	0	0	
17.0115	UL	1701	1	0	0	13	1	01	5271	28	1	0	44.8656	0	0	
17.0115	UL	1701	1	0	0	13	1	01	5271	28	1	0	44.8656	0	0	
17.012	UL	1701	1	1	7	6	1	01	2433	28	1	0	44.8656	0	0	
17.012	UL	1701	1	1	7	6	1	01	2433	28	1	0	44.8656	0	0	
17.1065	UL	1710	6	0	12	1	1	01	403	28	1	0	44.8656	0	0	
17.1065	UL	1710	6	0	12	1	1	01	403	28	1	0	44.8656	0	0	
17.1115	UL	1711	1	0	0	13	1	01	5271	28	1	0	44.8656	0	0	
17.1115	UL	1711	1	0	0	13	1	01	5271	28	1	0	44.8656	0	0	
17.112	UL	1711	1	1	7	6	1	01	2433	28	1	0	44.8656	0	0	
17.112	UL	1711	1	1	7	6	1	01	2433	28	1	0	44.8656	0	0	
17.2065	UL	1720	6	0	12	1	1	01	403	28	1	0	44.8656	0	0	
17.2065	UL	1720	6	0	12	1	1	01	403	28	1	0	44.8656	0	0	
17.2115	UL	1721	1	0	0	13	1	01	5271	28	1	0	44.8656	0	0	
17.2115	UL	1721	1	0	0	13	1	01	5271	28	1	0	44.8656	0	0	
17.212	UL	1721	1	1	7	6	1	01	2433	28	1	0	44.8656	0	0	
17.212	UL	1721	1	1	7	6	1	01	2433	28	1	0	44.8656	0	0	
17.3065	UL	1730	6	0	12	1	1	01	403	28	1	0	44.8656	0	0	
17.3065	UL	1730	6	0	12	1	1	01	403	28	1	0	44.8656	0	0	
17.3115	UL	1731	1	0	0	13	1	01	5271	28	1	0	44.8656	0	0	
17.3115	UL	1731	1	0	0	13	1	01	5271	28	1	0	44.8656	0	0	
17.312	UL	1731	1	1	7	6	1	01	2433	28	1	0	44.8656	0	0	
17.312	UL	1731	1	1	7	6	1	01	2433	28	1	0	44.8656	0	0	
17.4065	UL	1740	6	0	12	1	1	01	403	28	1	0	44.8656	0	0	
17.4065	UL	1740	6	0	12	1	1	01	403	28	1	0	44.8656	0	0	
17.4115	UL	1741	1	0	0	13	1	01	5271	28	1	0	44.8656	0	0	
17.4115	UL	1741	1	0	0	13	1	01	5271	28	1	0	44.8656	0	0	
17.412	UL	1741	1	1	7	6	1	01	2433	28	1	0	44.8656	0	0	
17.412	UL	1741	1	1	7	6	1	01	2433	28	1	0	44.8656	0	0	
17.5065	UL	1750	6	0	12	1	1	01	403	28	1	0	44.8656	0	0	
17.5065	UL	1750	6	0	12	1	1	01	403	28	1	0	44.8656	0	0	
17.5115	UL	1751	1	0	0	13	1	01	5271	28	1	0	44.8656	0	0	
17.5115	UL	1751	1	0	0	13	1	01	5271	28	1	0	44.8656	0	0	
17.512	UL	1751	1	1	7	6	1	01	2433	28	1	0	44.8656	0	0	
17.512	UL	1751	1	1	7	6	1	01	2433	28	1	0	44.8656	0	0	
17.6065	UL	1760	6	0	12	1	1	01	403	28	1	0	44.8656	0	0	
17.6065	UL	1760	6	0	12	1	1	01	403	28	1	0	44.8656	0	0	
17.6115	UL	1761	1	0	0	13	1	01	5271	28	1	0	44.8656	0	0	
17.6115	UL	1761	1	0	0	13	1	01	5271	28	1	0	44.8656	0	0	
17.612	UL	1761	1	1	7	6	1	01	2433	28	1	0	44.8656	0	0	
17.612	UL	1761	1	1	7	6	1	01	2433	28	1	0	44.8656	0	0	
17.7065	UL	1770	6	0	12	1	1	01	403	28	1	0	44.8656	0	0	
17.7065	UL	1770	6	0	12	1	1	01	403	28	1	0	44.8656	0	0	
17.7115	UL	1771	1	0	0	13	1	01	5271	28	1	0	44.8656	0	0	
17.7115	UL	1771	1	0	0	13	1	01	5271	28	1	0	44.8656	0	0	
17.712	UL	1771	1	1	7	6	1	01	2433	28	1	0	44.8656	0	0	
17.712	UL	1771	1	1	7	6	1	01	2433	28	1	0	44.8656	0	0	
17.8065	UL	1780	6	0	12	1	1	01	403	28	1	0	44.8656	0	0	
17.8065	UL	1780	6	0	12	1	1	01	403	28	1	0	44.8656	0	0	
17.8115	UL	1781	1	0	0	13	1	01	5271	28	1	0	44.8656	0	0	
17.8115	UL	1781	1	0	0	13	1	01	5271	28	1	0	44.8656	0	0	
17.812	UL	1781	1	1	7	6	1	01	2433	28	1	0	44.8656	0	0	
17.812	UL	1781	1	1	7	6	1	01	2433	28	1	0	44.8656	0	0	
17.9065	UL	1790	6	0	12	1	1	01	403	28	1	0	44.8656	0	0	
17.9065	UL	1790	6	0	12	1	1	01	403	28	1	0	44.8656	0	0	
17.9115	UL	1791	1	0	0	13	1	01	5271	28	1	0	44.8656	0	0	
17.9115	UL	1791	1	0	0	13	1	01	5271	28	1	0	44.8656	0	0	
17.912	UL	1791	1	1	7	6	1	01	2433	28	1	0	44.8656	0	0	
17.912	UL	1791	1	1	7	6	1	01	2433	28	1	0	44.8656	0	0	
18.0065	UL	1800	6	0	12	1	1	01	403	28	1	0	44.8656	0	0	
18.0065	UL	1800	6	0	12	1	1	01	403	28	1	0	44.8656	0	0	
18.0115	UL	1801	1	0	0	13	1	01	5271	28	1	0	44.8656	0	0	
18.0115	UL	1801	1	0	0	13	1	01	5271	28	1	0	44.8656	0	0	
18.012	UL	1801	1	1	7	6	1	01	2433	28	1	0	44.8656	0	0	
18.012	UL	1801	1	1	7	6	1	01	2433	28	1	0	44.8656	0	0	
18.1065	UL	1810	6	0	12	1	1	01	403	28	1	0	44.8656	0	0	
18.1065	UL	1810	6	0	12	1	1	01	403	28	1	0	44.8656	0	0	
18.1115	UL	1811	1	0	0	13	1	01	5271	28	1	0	44.8656	0	0	
18.1115	UL	1811	1	0	0	13	1	01	5271	28	1	0	44.8656	0	0	
18.112	UL	1811	1	1	7	6	1	01	2433	28	1	0	44.8656	0	0	
18.112	UL	1811	1	1	7	6	1	01	2433	28	1	0	44.8656	0	0	
18.2065	UL	1820	6	0	12	1	1	01	403	28	1	0	44.8656	0	0	
18.2065	UL	1820	6	0	12	1	1	01	403	28	1	0	44.8656	0	0	
18.2115	UL	1821	1	0	0	13	1	01	5271	28	1	0	44.8656	0	0	
18.2115	UL	1821	1	0	0	13	1	01	5271	28	1	0	44.8656	0	0	
18.212	UL	1821	1	1	7	6	1	01	2433	28	1	0	44.8656	0	0	
18.212	UL	1821	1	1	7	6	1	01	2433	28	1	0	44.8656	0	0	
18.3065	UL	1830	6	0	12	1	1	01	403	28	1	0	44.8656	0	0	
18.3065	UL	1830	6	0	12	1	1	01	403	28	1	0	44.8656	0	0	
18.3115	UL	1831	1	0	0	13	1	01	5271	28	1	0	44.8656	0	0	
18.3115	UL	1831	1	0	0	13	1	01	5271	28	1	0	44.8656	0	0	
18.312	UL	1831	1	1	7	6	1	01	2433	28	1	0	44.8656	0	0	
18.312	UL	1831	1	1	7	6	1	01	2433	28	1	0	44.8656	0	0	
18.4065	UL	1840	6	0	12	1	1	01	403	28	1	0	44.8656	0	0	
18.4065	UL	1840	6	0	12	1	1	01	403	28	1	0	44.8656	0	0	
18.4115	UL	1841	1	0	0	13	1	01	5271	28	1	0	44.8656	0	0	
18.4115	UL	1841	1	0	0	13	1	01	5271	28	1	0	44.8656	0	0	
18.412	UL	1841	1	1	7	6	1	01	2433	28	1	0	44.8656	0	0	
18.412	UL	1841	1	1	7	6	1	01	2433	28	1	0	44.8656	0	0	
18.5065	UL	1850	6	0	12	1	1	01	403	28	1	0	44.8656	0	0	
18.5065	UL	1850	6	0	12	1	1	01	403	28	1	0	44.8656	0	0	
18.5115	UL	1851	1	0	0	13	1	01	5271	28	1	0	44.8656	0	0	
18.5115	UL	1851	1	0	0	13	1	01	5271	28	1	0	44.8656	0	0	
18.512	UL	1851	1	1	7	6	1	01	2433	28	1	0	44.8656	0	0	
18.512	UL	1851	1	1	7	6	1	01	2433	28	1	0	44.8656	0	0	
18.6065	UL	1860	6	0	12	1	1	01	403	28	1	0	44.8656	0	0	
18.6065	UL	1860	6	0	12	1	1	01	403	28	1	0	44.8656	0	0	
18.6115	UL	1861	1	0	0	13	1	01	5271	28	1	0	44.8656	0	0	
18.6115	UL	1861	1	0	0	13	1	01	5271	28	1	0	44.8656	0	0	
18.612	UL	1861	1	1	7	6	1	01	2433	28	1	0	44.8656	0	0	
18.612	UL	1861	1	1	7	6	1	01	2433	28	1	0	44.8656	0	0	
18.7065	UL	1870	6	0	12	1	1	01	403	28	1	0	44.8656	0	0	
18.7065	UL	1870	6	0	12	1	1	01	403	28	1	0	44.8656	0	0	
18.7115	UL	1871	1	0	0	13	1	01	5271	28	1	0	44.8656	0	0	
18.7115	UL	1871	1	0	0	13	1	01	5271	28	1	0	44.8656	0	0	
18.712	UL	1871	1	1	7	6	1	01	2433	28	1	0	44.8656	0	0	
18.712	UL	1871	1	1	7	6	1	01	2433	28	1	0	44.8656	0	0	
18.8065	UL	1880	6	0	12	1	1	01	403	28	1	0	44.8656	0	0	
18.8065	UL	1880	6	0	12	1	1	01	403	28	1	0	44.8656	0	0	
18.8115	UL	1881	1	0	0	13	1	01	5271	28	1	0	44.8656	0	0	
18.8115	UL	1881	1	0	0	13	1	01	5271	28	1	0	44.8656	0	0	
18.812	UL	1881	1	1	7	6	1	01	2433	28	1	0	44.8656	0	0	
18.812	UL	1881	1	1	7	6	1	01	2433	28	1	0	44.8656	0	0	
18.9065	UL	1890	6	0	12	1	1	01	403	28	1	0	44.8656	0	0	
18.9065	UL	1890	6	0	12	1	1	01	403	28	1	0	44.8656	0	0	
18.9115	UL	1891	1	0	0	13	1	01	5271	28	1	0	44.8656	0	0	
18.9115	UL	1891	1	0	0	13	1	01	5271	28	1	0	44.8656	0	0	
18.912	UL	1891	1	1	7	6	1	01	2433	28	1	0	44.8656	0	0	
18.912	UL	1891	1	1	7	6	1	01	2433	28	1	0	44.8656	0	0	
19.0065	UL	1900	6	0	12	1	1	01	403	28	1	0	44.8656	0	0	
19.0065	UL	1900	6	0	12	1	1	01	403	28	1	0	44.8656	0	0	
19.0115	UL	1901	1	0	0	13	1	01	5271	28	1	0	44.8656	0	0	
19.0115	UL	1901	1	0	0	13	1	01	5271	28	1	0	44.8656	0	0	
19.012	UL	1901	1	1	7	6	1	01	2433	28	1	0	44.8656	0	0	
19.012	UL	1901	1	1	7	6	1	01	2433	28	1	0	44.8656	0	0	
19.1065	UL	1910	6	0	12	1	1	01	403	28	1	0	44.8656	0	0	
19.1065	UL	1910	6	0	12	1	1	01	403	28	1	0	44.8656	0	0	
19.1115	UL	1911	1	0	0	13	1	01	5271	28	1	0	44.8656	0	0	
19.1115	UL	1911	1	0	0	13	1	01	5271	28	1	0	44.8656	0	0	
19.112	UL	1911	1	1	7	6	1	01	2433	28	1	0	44.8656	0	0	
19.112	UL	1911	1	1	7	6	1	01	2433	28	1	0	44.8656	0	0	
19.2065	UL	1920	6	0	12	1	1	01	403	28	1	0	44.8656	0	0	
19.2065	UL	1920	6	0	12	1	1	01	403	28	1	0	44.8656	0	0	
19.2115	UL	1921	1	0	0	13	1	01	5271	28	1	0	44.8656	0	0	
19.2115	UL	1921	1	0	0	13	1	01	5271	28	1	0	44.8656	0	0	
19.212	UL	1921	1	1	7	6	1	01	2433	28	1	0	44.8656	0	0	
19.212	UL	1921	1	1	7	6	1	01	2433	28	1	0	44.8656	0	0	
19.3065	UL	1930	6	0	12	1	1	01	403	28	1	0	44.8656	0	0	
19.3065	UL	1930	6	0	12	1	1	01	403	28	1	0	44.8656	0	0	
19.3115	UL	1931	1	0	0	13	1	01	5271	28	1	0	44.8656	0	0	
19.3115	UL	1931	1	0	0	13	1	01	5271	28	1	0	44.8656	0	0	
19.312	UL	1931	1	1	7	6	1	01	2433	28	1	0	44.8656	0	0	
19.312	UL	1931	1	1	7	6	1	01	2433	28	1	0	44.8656	0	0	
19.4065	UL	1940	6	0	12	1	1	01	403	28	1	0	44.8656	0	0	
19.4065	UL	1940	6	0	12	1	1	01	403	28	1	0	44.8656	0	0	
19.4115	UL	1941	1	0	0	13	1	01	5271	28	1	0	44.8656	0	0	
19.4115	UL	1941	1	0	0	13	1	01	5271	28	1	0	44.8656	0	0	
19.412	UL	1941	1	1	7	6	1	01	2433	28	1	0	44.8656	0	0	
19.412	UL	1941	1	1	7	6	1	01	2433	28	1	0	44.8656	0	0	
19.5065	UL	1950	6	0	12	1	1	01	403	28	1	0	44.8656	0	0	
19.5065	UL	1950	6	0	12	1	1	01	403	28	1	0	44.8656	0	0	
19.5115	UL	1951	1	0	0	13	1	01	5271	28	1	0	44.8656	0	0	
19.5115	UL	1951	1	0	0	13	1	01	5271	28	1	0	44.8656	0	0	
19.512	UL	1951	1	1	7	6	1	01	2433	28	1	0	44.8656	0	0	
19.512	UL	1951	1	1	7	6	1	01	2433	28	1	0	44.8656	0	0	
19.6065	UL	1960	6	0	12	1	1	01	403	28	1	0	44.8656	0	0	
19.6065	UL	1960	6	0	12	1	1	01	403	28	1	0	44.8656	0	0	
19.6115	UL	1961	1	0	0	13	1	01	5271	28	1	0	44.8656	0	0	
19.6115	UL	1961	1	0	0	13	1	01	5271	28	1	0	44.8656	0	0	
19.612	UL	1961	1	1	7	6	1	01	2433	28	1	0	44.8656	0	0	
19.612	UL	1961	1	1	7	6	1	01	2433	28	1	0	44.8656	0	0	
19.7065	UL	1970	6	0	12	1	1	01	403	28	1	0	44.8656	0	0	
19.7065	UL	1970	6	0	12	1	1	01	403	28	1	0	44.8656	0	0	
19.7115	UL	1971	1	0	0	13	1	01	5271	28	1	0	44.8656	0	0	
19.7115	UL	1971	1	0	0	13	1	01	5271	28	1	0	44.8656	0	0	
19.712	UL	1971	1	1	7	6	1	01	2433	28	1	0	44.8656	0	0	
19.712	UL	1971	1	1	7	6	1	01	2433	28	1	0	44.8656	0	0	
19.8065	UL	1980	6	0	12	1	1	01	403	28	1	0	44.8656	0	0	
19.8065	UL	1980	6	0	12	1	1	01	403	28	1	0	44.8656	0	0	
19.8115	UL	1981	1	0	0	13	1	01	5271	28	1	0	44.8656	0	0	
19.8115	UL	1981	1	0	0	13	1	01	5271	28	1	0	44.8656	0	0	
19.812	UL	1981	1	1	7	6	1	01	2433	28	1	0	44.8656	0	0	
19.812	UL	1981	1	1	7	6	1	01	2433	28	1	0	44.8656	0	0	
